"Denominazione";"Codice";"Stato";"Anno costruzione";"Tipo";"Minerale";"Operatore";"Numero pozzi allacciati";"Pozzi Produttivi non eroganti";"Pozzi in produzione";"Pozzi in monitoraggio";"Titolo minerario";"Collegata alla Centrale";"Zona";"Foglio";"Sezione UNMIG";"Capitaneria di porto";"Distanza costa�(KM)";"Altezza SLM (m)";"Profondit� fondale�(m)";"Dimensioni";"Longitudine (WGS 84)";"Latitudine (WGS84)";
"ADA 2";"290";"Non Operativa";"1982|http://unmig.sviluppoeconomico.gov.it/unmig/strutturemarine/ganno.asp?anno=1982";"monotubolare|http://unmig.sviluppoeconomico.gov.it/unmig/strutturemarine/gtipo.asp?tipo=monotubolare";"GAS";"ENI|http://unmig.sviluppoeconomico.gov.it/unmig/strutturemarine/goperatore.asp?operatore=ENI";1;1;;;"A.C 9.AG|http://unmig.sviluppoeconomico.gov.it/unmig/strutturemarine/gtitolo.asp?titolo=A.C%20%209.AG";"";"ZA|http://unmig.sviluppoeconomico.gov.it/unmig/strutturemarine/gzona.asp?zona=ZA";"924/M";"Bologna|http://unmig.sviluppoeconomico.gov.it/unmig/strutturemarine/gsezione.asp?sezione=BO&sez=Bologna";"Ravenna|http://unmig.sviluppoeconomico.gov.it/unmig/strutturemarine/gcapitaneria.asp?capitaneria=Ravenna";20;15;25;"8 x 8 m";"12.591285";"45.183634";
"ADA;3";"299";"Non Operativa";"1982|http://unmig.sviluppoeconomico.gov.it/unmig/strutturemarine/ganno.asp?anno=1982";"monotubolare|http://unmig.sviluppoeconomico.gov.it/unmig/strutturemarine/gtipo.asp?tipo=monotubolare";"GAS";"ENI|http://unmig.sviluppoeconomico.gov.it/unmig/strutturemarine/goperatore.asp?operatore=ENI";0;;;;"A.C 9.AG|http://unmig.sviluppoeconomico.gov.it/unmig/strutturemarine/gtitolo.asp?titolo=A.C%20%209.AG";"";"ZA|http://unmig.sviluppoeconomico.gov.it/unmig/strutturemarine/gzona.asp?zona=ZA";"924/M";"Bologna|http://unmig.sviluppoeconomico.gov.it/unmig/strutturemarine/gsezione.asp?sezione=BO&sez=Bologna";"Ravenna|http://unmig.sviluppoeconomico.gov.it/unmig/strutturemarine/gcapitaneria.asp?capitaneria=Ravenna";20;15;25;"8 x 8 m";"12.591176";"45.183361";
"ADA 4";"300";"Non Operativa";"1982|http://unmig.sviluppoeconomico.gov.it/unmig/strutturemarine/ganno.asp?anno=1982";"monotubolare|http://unmig.sviluppoeconomico.gov.it/unmig/strutturemarine/gtipo.asp?tipo=monotubolare";"GAS";"ENI|http://unmig.sviluppoeconomico.gov.it/unmig/strutturemarine/goperatore.asp?operatore=ENI";1;1;;;"A.C 9.AG|http://unmig.sviluppoeconomico.gov.it/unmig/strutturemarine/gtitolo.asp?titolo=A.C%20%209.AG";"";"ZA|http://unmig.sviluppoeconomico.gov.it/unmig/strutturemarine/gzona.asp?zona=ZA";"924/M";"Bologna|http://unmig.sviluppoeconomico.gov.it/unmig/strutturemarine/gsezione.asp?sezione=BO&sez=Bologna";"Ravenna|http://unmig.sviluppoeconomico.gov.it/unmig/strutturemarine/gcapitaneria.asp?capitaneria=Ravenna";20;15;25;"8 x 8 m";"12.59091";"45.183561";
"AGOSTINO;A";"164";"Di Produzione eroganti";"1970|http://unmig.sviluppoeconomico.gov.it/unmig/strutturemarine/ganno.asp?anno=1970";"struttura reticolare 8 gambe|http://unmig.sviluppoeconomico.gov.it/unmig/strutturemarine/gtipo.asp?tipo=struttura%20reticolare%208%20gambe";"GAS";"ENI|http://unmig.sviluppoeconomico.gov.it/unmig/strutturemarine/goperatore.asp?operatore=ENI";12;9;3;;"A.C 3.AS|http://unmig.sviluppoeconomico.gov.it/unmig/strutturemarine/gtitolo.asp?titolo=A.C%20%203.AS";"CASALBORSETTI|http://unmig.sviluppoeconomico.gov.it/unmig/strutturemarine/gcentrale.asp?centrale=CASALBORSETTI";"ZA|http://unmig.sviluppoeconomico.gov.it/unmig/strutturemarine/gzona.asp?zona=ZA";"924/M";"Bologna|http://unmig.sviluppoeconomico.gov.it/unmig/strutturemarine/gsezione.asp?sezione=BO&sez=Bologna";"Ravenna|http://unmig.sviluppoeconomico.gov.it/unmig/strutturemarine/gcapitaneria.asp?capitaneria=Ravenna";17;50;23;"46 x 22 m";"12.495518";"44.54018";
"AGOSTINO;A;CLUSTER";"167";"Di Produzione eroganti";"1991|http://unmig.sviluppoeconomico.gov.it/unmig/strutturemarine/ganno.asp?anno=1991";"cluster|http://unmig.sviluppoeconomico.gov.it/unmig/strutturemarine/gtipo.asp?tipo=cluster";"GAS";"ENI|http://unmig.sviluppoeconomico.gov.it/unmig/strutturemarine/goperatore.asp?operatore=ENI";3;1;2;;"A.C 3.AS|http://unmig.sviluppoeconomico.gov.it/unmig/strutturemarine/gtitolo.asp?titolo=A.C%20%203.AS";"CASALBORSETTI|http://unmig.sviluppoeconomico.gov.it/unmig/strutturemarine/gcentrale.asp?centrale=CASALBORSETTI";"ZA|http://unmig.sviluppoeconomico.gov.it/unmig/strutturemarine/gzona.asp?zona=ZA";"924/M";"Bologna|http://unmig.sviluppoeconomico.gov.it/unmig/strutturemarine/gsezione.asp?sezione=BO&sez=Bologna";"Ravenna|http://unmig.sviluppoeconomico.gov.it/unmig/strutturemarine/gcapitaneria.asp?capitaneria=Ravenna";17;32;24;"11 x 11 m";"12.496197";"44.540685";
"AGOSTINO B";"165";"Di Produzione eroganti";"1971|http://unmig.sviluppoeconomico.gov.it/unmig/strutturemarine/ganno.asp?anno=1971";"struttura reticolare 8 gambe|http://unmig.sviluppoeconomico.gov.it/unmig/strutturemarine/gtipo.asp?tipo=struttura%20reticolare%208%20gambe";"GAS";"ENI|http://unmig.sviluppoeconomico.gov.it/unmig/strutturemarine/goperatore.asp?operatore=ENI";11;3;7;;"A.C 3.AS|http://unmig.sviluppoeconomico.gov.it/unmig/strutturemarine/gtitolo.asp?titolo=A.C%20%203.AS";"CASALBORSETTI|http://unmig.sviluppoeconomico.gov.it/unmig/strutturemarine/gcentrale.asp?centrale=CASALBORSETTI";"ZA|http://unmig.sviluppoeconomico.gov.it/unmig/strutturemarine/gzona.asp?zona=ZA";"924/M";"Bologna|http://unmig.sviluppoeconomico.gov.it/unmig/strutturemarine/gsezione.asp?sezione=BO&sez=Bologna";"Ravenna|http://unmig.sviluppoeconomico.gov.it/unmig/strutturemarine/gcapitaneria.asp?capitaneria=Ravenna";15;50;22;"46 x 22 m";"12.471569";"44.554372";
"AGOSTINO C";"166";"Di Produzione eroganti";"1992|http://unmig.sviluppoeconomico.gov.it/unmig/strutturemarine/ganno.asp?anno=1992";"struttura reticolare 8 gambe|http://unmig.sviluppoeconomico.gov.it/unmig/strutturemarine/gtipo.asp?tipo=struttura%20reticolare%208%20gambe";"GAS";"ENI|http://unmig.sviluppoeconomico.gov.it/unmig/strutturemarine/goperatore.asp?operatore=ENI";12;9;3;;"A.C 3.AS|http://unmig.sviluppoeconomico.gov.it/unmig/strutturemarine/gtitolo.asp?titolo=A.C%20%203.AS";"CASALBORSETTI|http://unmig.sviluppoeconomico.gov.it/unmig/strutturemarine/gcentrale.asp?centrale=CASALBORSETTI";"ZA|http://unmig.sviluppoeconomico.gov.it/unmig/strutturemarine/gzona.asp?zona=ZA";"924/M";"Bologna|http://unmig.sviluppoeconomico.gov.it/unmig/strutturemarine/gsezione.asp?sezione=BO&sez=Bologna";"Ravenna|http://unmig.sviluppoeconomico.gov.it/unmig/strutturemarine/gcapitaneria.asp?capitaneria=Ravenna";18;56;25;"51 x 26 m";"12.494523";"44.547174";
"AMELIA A";"169";"Di Produzione eroganti";"1971|http://unmig.sviluppoeconomico.gov.it/unmig/strutturemarine/ganno.asp?anno=1971";"struttura reticolare 8 gambe|http://unmig.sviluppoeconomico.gov.it/unmig/strutturemarine/gtipo.asp?tipo=struttura%20reticolare%208%20gambe";"GAS";"ENI|http://unmig.sviluppoeconomico.gov.it/unmig/strutturemarine/goperatore.asp?operatore=ENI";12;6;2;;"A.C 2.AS|http://unmig.sviluppoeconomico.gov.it/unmig/strutturemarine/gtitolo.asp?titolo=A.C%20%202.AS";"RAVENNA MARE|http://unmig.sviluppoeconomico.gov.it/unmig/strutturemarine/gcentrale.asp?centrale=RAVENNA%20MARE";"ZA|http://unmig.sviluppoeconomico.gov.it/unmig/strutturemarine/gzona.asp?zona=ZA";"924/M";"Bologna|http://unmig.sviluppoeconomico.gov.it/unmig/strutturemarine/gsezione.asp?sezione=BO&sez=Bologna";"Ravenna|http://unmig.sviluppoeconomico.gov.it/unmig/strutturemarine/gcapitaneria.asp?capitaneria=Ravenna";28;50;32;"46 x 22 m";"12.660836";"44.405716";
"AMELIA B";"170";"Di Produzione non Erogante";"1991|http://unmig.sviluppoeconomico.gov.it/unmig/strutturemarine/ganno.asp?anno=1991";"struttura reticolare 8 gambe|http://unmig.sviluppoeconomico.gov.it/unmig/strutturemarine/gtipo.asp?tipo=struttura%20reticolare%208%20gambe";"GAS";"ENI|http://unmig.sviluppoeconomico.gov.it/unmig/strutturemarine/goperatore.asp?operatore=ENI";12;12;;;"A.C 2.AS|http://unmig.sviluppoeconomico.gov.it/unmig/strutturemarine/gtitolo.asp?titolo=A.C%20%202.AS";"RAVENNA MARE|http://unmig.sviluppoeconomico.gov.it/unmig/strutturemarine/gcentrale.asp?centrale=RAVENNA%20MARE";"ZA|http://unmig.sviluppoeconomico.gov.it/unmig/strutturemarine/gzona.asp?zona=ZA";"924/M";"Bologna|http://unmig.sviluppoeconomico.gov.it/unmig/strutturemarine/gsezione.asp?sezione=BO&sez=Bologna";"Ravenna|http://unmig.sviluppoeconomico.gov.it/unmig/strutturemarine/gcapitaneria.asp?capitaneria=Ravenna";28;50;31;"14 x 37 m";"12.662218";"44.407503";
"AMELIA C";"171";"Di Produzione eroganti";"1991|http://unmig.sviluppoeconomico.gov.it/unmig/strutturemarine/ganno.asp?anno=1991";"struttura reticolare 4 gambe|http://unmig.sviluppoeconomico.gov.it/unmig/strutturemarine/gtipo.asp?tipo=struttura%20reticolare%204%20gambe";"GAS";"ENI|http://unmig.sviluppoeconomico.gov.it/unmig/strutturemarine/goperatore.asp?operatore=ENI";12;11;1;;"A.C 2.AS|http://unmig.sviluppoeconomico.gov.it/unmig/strutturemarine/gtitolo.asp?titolo=A.C%20%202.AS";"RAVENNA MARE|http://unmig.sviluppoeconomico.gov.it/unmig/strutturemarine/gcentrale.asp?centrale=RAVENNA%20MARE";"ZA|http://unmig.sviluppoeconomico.gov.it/unmig/strutturemarine/gzona.asp?zona=ZA";"924/M";"Bologna|http://unmig.sviluppoeconomico.gov.it/unmig/strutturemarine/gsezione.asp?sezione=BO&sez=Bologna";"Ravenna|http://unmig.sviluppoeconomico.gov.it/unmig/strutturemarine/gcapitaneria.asp?capitaneria=Ravenna";28;50;31;"13 x 13 m";"12.662895";"44.406935";
"AMELIA D";"172";"Di Produzione eroganti";"1992|http://unmig.sviluppoeconomico.gov.it/unmig/strutturemarine/ganno.asp?anno=1992";"struttura reticolare 4 gambe|http://unmig.sviluppoeconomico.gov.it/unmig/strutturemarine/gtipo.asp?tipo=struttura%20reticolare%204%20gambe";"GAS";"ENI|http://unmig.sviluppoeconomico.gov.it/unmig/strutturemarine/goperatore.asp?operatore=ENI";10;6;4;;"A.C 2.AS|http://unmig.sviluppoeconomico.gov.it/unmig/strutturemarine/gtitolo.asp?titolo=A.C%20%202.AS";"RAVENNA MARE|http://unmig.sviluppoeconomico.gov.it/unmig/strutturemarine/gcentrale.asp?centrale=RAVENNA%20MARE";"ZA|http://unmig.sviluppoeconomico.gov.it/unmig/strutturemarine/gzona.asp?zona=ZA";"924/M";"Bologna|http://unmig.sviluppoeconomico.gov.it/unmig/strutturemarine/gsezione.asp?sezione=BO&sez=Bologna";"Ravenna|http://unmig.sviluppoeconomico.gov.it/unmig/strutturemarine/gcapitaneria.asp?capitaneria=Ravenna";27;57;30;"30 x 28 m";"12.661276";"44.407901";
"ANEMONE B";"173";"Di Produzione eroganti";"1999|http://unmig.sviluppoeconomico.gov.it/unmig/strutturemarine/ganno.asp?anno=1999";"struttura reticolare 4 gambe|http://unmig.sviluppoeconomico.gov.it/unmig/strutturemarine/gtipo.asp?tipo=struttura%20reticolare%204%20gambe";"GAS";"ENI|http://unmig.sviluppoeconomico.gov.it/unmig/strutturemarine/goperatore.asp?operatore=ENI";8;7;1;;"A.C 8.ME|http://unmig.sviluppoeconomico.gov.it/unmig/strutturemarine/gtitolo.asp?titolo=A.C%20%208.ME";"RUBICONE|http://unmig.sviluppoeconomico.gov.it/unmig/strutturemarine/gcentrale.asp?centrale=RUBICONE";"ZA|http://unmig.sviluppoeconomico.gov.it/unmig/strutturemarine/gzona.asp?zona=ZA";"923/M";"Bologna|http://unmig.sviluppoeconomico.gov.it/unmig/strutturemarine/gsezione.asp?sezione=BO&sez=Bologna";"Rimini|http://unmig.sviluppoeconomico.gov.it/unmig/strutturemarine/gcapitaneria.asp?capitaneria=Rimini";20;20;23;"16 x 13 m";"12.704814";"44.229289";
"ANEMONE CLUSTER";"174";"Di Produzione eroganti";"1979|http://unmig.sviluppoeconomico.gov.it/unmig/strutturemarine/ganno.asp?anno=1979";"cluster|http://unmig.sviluppoeconomico.gov.it/unmig/strutturemarine/gtipo.asp?tipo=cluster";"GAS";"ENI|http://unmig.sviluppoeconomico.gov.it/unmig/strutturemarine/goperatore.asp?operatore=ENI";3;2;1;;"A.C 8.ME|http://unmig.sviluppoeconomico.gov.it/unmig/strutturemarine/gtitolo.asp?titolo=A.C%20%208.ME";"RUBICONE|http://unmig.sviluppoeconomico.gov.it/unmig/strutturemarine/gcentrale.asp?centrale=RUBICONE";"ZA|http://unmig.sviluppoeconomico.gov.it/unmig/strutturemarine/gzona.asp?zona=ZA";"923/M";"Bologna|http://unmig.sviluppoeconomico.gov.it/unmig/strutturemarine/gsezione.asp?sezione=BO&sez=Bologna";"Rimini|http://unmig.sviluppoeconomico.gov.it/unmig/strutturemarine/gcapitaneria.asp?capitaneria=Rimini";19;41;22;"34 x 31 m";"12.70531";"44.212786";
"ANGELA ANGELINA";"175";"Di Produzione eroganti";"1997|http://unmig.sviluppoeconomico.gov.it/unmig/strutturemarine/ganno.asp?anno=1997";"struttura reticolare 8 gambe|http://unmig.sviluppoeconomico.gov.it/unmig/strutturemarine/gtipo.asp?tipo=struttura%20reticolare%208%20gambe";"GAS";"ENI|http://unmig.sviluppoeconomico.gov.it/unmig/strutturemarine/goperatore.asp?operatore=ENI";14;4;10;;"A.C 27.EA|http://unmig.sviluppoeconomico.gov.it/unmig/strutturemarine/gtitolo.asp?titolo=A.C%2027.EA";"RAVENNA MARE|http://unmig.sviluppoeconomico.gov.it/unmig/strutturemarine/gcentrale.asp?centrale=RAVENNA%20MARE";"ZA|http://unmig.sviluppoeconomico.gov.it/unmig/strutturemarine/gzona.asp?zona=ZA";"924/M";"Bologna|http://unmig.sviluppoeconomico.gov.it/unmig/strutturemarine/gsezione.asp?sezione=BO&sez=Bologna";"Ravenna|http://unmig.sviluppoeconomico.gov.it/unmig/strutturemarine/gcapitaneria.asp?capitaneria=Ravenna";2;38;25;"48 x 25 m";"12.343127";"44.391172";
"ANGELA CLUSTER";"176";"Di Produzione eroganti";"1975|http://unmig.sviluppoeconomico.gov.it/unmig/strutturemarine/ganno.asp?anno=1975";"cluster|http://unmig.sviluppoeconomico.gov.it/unmig/strutturemarine/gtipo.asp?tipo=cluster";"GAS";"ENI|http://unmig.sviluppoeconomico.gov.it/unmig/strutturemarine/goperatore.asp?operatore=ENI";4;3;1;;"A.C 27.EA|http://unmig.sviluppoeconomico.gov.it/unmig/strutturemarine/gtitolo.asp?titolo=A.C%2027.EA";"RAVENNA MARE|http://unmig.sviluppoeconomico.gov.it/unmig/strutturemarine/gcentrale.asp?centrale=RAVENNA%20MARE";"ZA|http://unmig.sviluppoeconomico.gov.it/unmig/strutturemarine/gzona.asp?zona=ZA";"924/M";"Bologna|http://unmig.sviluppoeconomico.gov.it/unmig/strutturemarine/gsezione.asp?sezione=BO&sez=Bologna";"Ravenna|http://unmig.sviluppoeconomico.gov.it/unmig/strutturemarine/gcapitaneria.asp?capitaneria=Ravenna";2;25;9;"30 x 20 m";"12.344848";"44.392973";
"ANTARES 1";"179";"Di Produzione non Erogante";"1982|http://unmig.sviluppoeconomico.gov.it/unmig/strutturemarine/ganno.asp?anno=1982";"monotubolare|http://unmig.sviluppoeconomico.gov.it/unmig/strutturemarine/gtipo.asp?tipo=monotubolare";"GAS";"ENI|http://unmig.sviluppoeconomico.gov.it/unmig/strutturemarine/goperatore.asp?operatore=ENI";1;1;;;"A.C 30.EA|http://unmig.sviluppoeconomico.gov.it/unmig/strutturemarine/gtitolo.asp?titolo=A.C%2030.EA";"RAVENNA MARE|http://unmig.sviluppoeconomico.gov.it/unmig/strutturemarine/gcentrale.asp?centrale=RAVENNA%20MARE";"ZA|http://unmig.sviluppoeconomico.gov.it/unmig/strutturemarine/gzona.asp?zona=ZA";"924/M";"Bologna|http://unmig.sviluppoeconomico.gov.it/unmig/strutturemarine/gsezione.asp?sezione=BO&sez=Bologna";"Ravenna|http://unmig.sviluppoeconomico.gov.it/unmig/strutturemarine/gcapitaneria.asp?capitaneria=Ravenna";10;15;14;"8 x 8 m";"12.444429";"44.393988";
"ANTARES A";"180";"Di Produzione eroganti";"1985|http://unmig.sviluppoeconomico.gov.it/unmig/strutturemarine/ganno.asp?anno=1985";"struttura reticolare 6 gambe|http://unmig.sviluppoeconomico.gov.it/unmig/strutturemarine/gtipo.asp?tipo=struttura%20reticolare%206%20gambe";"GAS";"ENI|http://unmig.sviluppoeconomico.gov.it/unmig/strutturemarine/goperatore.asp?operatore=ENI";9;5;4;;"A.C 30.EA|http://unmig.sviluppoeconomico.gov.it/unmig/strutturemarine/gtitolo.asp?titolo=A.C%2030.EA";"RAVENNA MARE|http://unmig.sviluppoeconomico.gov.it/unmig/strutturemarine/gcentrale.asp?centrale=RAVENNA%20MARE";"ZA|http://unmig.sviluppoeconomico.gov.it/unmig/strutturemarine/gzona.asp?zona=ZA";"924/M";"Bologna|http://unmig.sviluppoeconomico.gov.it/unmig/strutturemarine/gsezione.asp?sezione=BO&sez=Bologna";"Ravenna|http://unmig.sviluppoeconomico.gov.it/unmig/strutturemarine/gcapitaneria.asp?capitaneria=Ravenna";11;38;15;"43 x 25 m";"12.453493";"44.390057";
"ANTONELLA";"181";"Di Produzione eroganti";"1976|http://unmig.sviluppoeconomico.gov.it/unmig/strutturemarine/ganno.asp?anno=1976";"struttura reticolare 8 gambe|http://unmig.sviluppoeconomico.gov.it/unmig/strutturemarine/gtipo.asp?tipo=struttura%20reticolare%208%20gambe";"GAS";"ENI|http://unmig.sviluppoeconomico.gov.it/unmig/strutturemarine/goperatore.asp?operatore=ENI";11;7;4;;"A.C 5.AV|http://unmig.sviluppoeconomico.gov.it/unmig/strutturemarine/gtitolo.asp?titolo=A.C%20%205.AV";"RUBICONE|http://unmig.sviluppoeconomico.gov.it/unmig/strutturemarine/gcentrale.asp?centrale=RUBICONE";"ZA|http://unmig.sviluppoeconomico.gov.it/unmig/strutturemarine/gzona.asp?zona=ZA";"923/M";"Bologna|http://unmig.sviluppoeconomico.gov.it/unmig/strutturemarine/gsezione.asp?sezione=BO&sez=Bologna";"Rimini|http://unmig.sviluppoeconomico.gov.it/unmig/strutturemarine/gcapitaneria.asp?capitaneria=Rimini";23;50;29;"46 x 22 m";"12.776663";"44.214442";
"ARGO 2";"294";"Di Produzione non Erogante";"2008|http://unmig.sviluppoeconomico.gov.it/unmig/strutturemarine/ganno.asp?anno=2008";"testa pozzo sottomarina|http://unmig.sviluppoeconomico.gov.it/unmig/strutturemarine/gtipo.asp?tipo=testa%20pozzo%20sottomarina";"GAS";"ENI|http://unmig.sviluppoeconomico.gov.it/unmig/strutturemarine/goperatore.asp?operatore=ENI";1;1;;;"G.C 1.AG|http://unmig.sviluppoeconomico.gov.it/unmig/strutturemarine/gtitolo.asp?titolo=G.C%20%201.AG";"";"ZG|http://unmig.sviluppoeconomico.gov.it/unmig/strutturemarine/gzona.asp?zona=ZG";"917/M";"Napoli|http://unmig.sviluppoeconomico.gov.it/unmig/strutturemarine/gsezione.asp?sezione=NA&sez=Napoli";"Gela|http://unmig.sviluppoeconomico.gov.it/unmig/strutturemarine/gcapitaneria.asp?capitaneria=Gela";20;;548;"";"13.805449";"36.926058";
"ARIANNA A";"182";"Di Produzione eroganti";"1984|http://unmig.sviluppoeconomico.gov.it/unmig/strutturemarine/ganno.asp?anno=1984";"struttura reticolare 6 gambe|http://unmig.sviluppoeconomico.gov.it/unmig/strutturemarine/gtipo.asp?tipo=struttura%20reticolare%206%20gambe";"GAS";"ENI|http://unmig.sviluppoeconomico.gov.it/unmig/strutturemarine/goperatore.asp?operatore=ENI";6;2;4;;"A.C 4.AS|http://unmig.sviluppoeconomico.gov.it/unmig/strutturemarine/gtitolo.asp?titolo=A.C%20%204.AS";"RUBICONE|http://unmig.sviluppoeconomico.gov.it/unmig/strutturemarine/gcentrale.asp?centrale=RUBICONE";"ZA|http://unmig.sviluppoeconomico.gov.it/unmig/strutturemarine/gzona.asp?zona=ZA";"923/M";"Bologna|http://unmig.sviluppoeconomico.gov.it/unmig/strutturemarine/gsezione.asp?sezione=BO&sez=Bologna";"Rimini|http://unmig.sviluppoeconomico.gov.it/unmig/strutturemarine/gcapitaneria.asp?capitaneria=Rimini";21;32;24;"42 x 21 m";"12.628146";"44.306251";
"ARIANNA A CLUSTER";"183";"Di Produzione eroganti";"1992|http://unmig.sviluppoeconomico.gov.it/unmig/strutturemarine/ganno.asp?anno=1992";"cluster|http://unmig.sviluppoeconomico.gov.it/unmig/strutturemarine/gtipo.asp?tipo=cluster";"GAS";"ENI|http://unmig.sviluppoeconomico.gov.it/unmig/strutturemarine/goperatore.asp?operatore=ENI";3;1;2;;"FASCIA CERVIA MARE|http://unmig.sviluppoeconomico.gov.it/unmig/strutturemarine/gtitolo.asp?titolo=FASCIA%20CERVIA%20MARE";"RUBICONE|http://unmig.sviluppoeconomico.gov.it/unmig/strutturemarine/gcentrale.asp?centrale=RUBICONE";"ZA|http://unmig.sviluppoeconomico.gov.it/unmig/strutturemarine/gzona.asp?zona=ZA";"923/M";"Bologna|http://unmig.sviluppoeconomico.gov.it/unmig/strutturemarine/gsezione.asp?sezione=BO&sez=Bologna";"Rimini|http://unmig.sviluppoeconomico.gov.it/unmig/strutturemarine/gcapitaneria.asp?capitaneria=Rimini";20;35;23;"11 x 11 m";"12.62743";"44.305788";
"ARMIDA 1";"184";"Di Produzione non Erogante";"1973|http://unmig.sviluppoeconomico.gov.it/unmig/strutturemarine/ganno.asp?anno=1973";"monotubolare|http://unmig.sviluppoeconomico.gov.it/unmig/strutturemarine/gtipo.asp?tipo=monotubolare";"GAS";"ENI|http://unmig.sviluppoeconomico.gov.it/unmig/strutturemarine/goperatore.asp?operatore=ENI";1;1;;;"A.C 29.EA|http://unmig.sviluppoeconomico.gov.it/unmig/strutturemarine/gtitolo.asp?titolo=A.C%2029.EA";"RAVENNA MARE|http://unmig.sviluppoeconomico.gov.it/unmig/strutturemarine/gcentrale.asp?centrale=RAVENNA%20MARE";"ZA|http://unmig.sviluppoeconomico.gov.it/unmig/strutturemarine/gzona.asp?zona=ZA";"924/M";"Bologna|http://unmig.sviluppoeconomico.gov.it/unmig/strutturemarine/gsezione.asp?sezione=BO&sez=Bologna";"Ravenna|http://unmig.sviluppoeconomico.gov.it/unmig/strutturemarine/gcapitaneria.asp?capitaneria=Ravenna";14;17;18;"8 x 8 m";"12.44954";"44.475932";
"ARMIDA A";"185";"Di Produzione eroganti";"1985|http://unmig.sviluppoeconomico.gov.it/unmig/strutturemarine/ganno.asp?anno=1985";"struttura reticolare 6 gambe|http://unmig.sviluppoeconomico.gov.it/unmig/strutturemarine/gtipo.asp?tipo=struttura%20reticolare%206%20gambe";"GAS";"ENI|http://unmig.sviluppoeconomico.gov.it/unmig/strutturemarine/goperatore.asp?operatore=ENI";6;;6;;"A.C 29.EA|http://unmig.sviluppoeconomico.gov.it/unmig/strutturemarine/gtitolo.asp?titolo=A.C%2029.EA";"RAVENNA MARE|http://unmig.sviluppoeconomico.gov.it/unmig/strutturemarine/gcentrale.asp?centrale=RAVENNA%20MARE";"ZA|http://unmig.sviluppoeconomico.gov.it/unmig/strutturemarine/gzona.asp?zona=ZA";"924/M";"Bologna|http://unmig.sviluppoeconomico.gov.it/unmig/strutturemarine/gsezione.asp?sezione=BO&sez=Bologna";"Ravenna|http://unmig.sviluppoeconomico.gov.it/unmig/strutturemarine/gcapitaneria.asp?capitaneria=Ravenna";13;38;18;"48 x 25 m";"12.453192";"44.480303";
"AZALEA A";"187";"Di Produzione non Erogante";"1984|http://unmig.sviluppoeconomico.gov.it/unmig/strutturemarine/ganno.asp?anno=1984";"bitubolare|http://unmig.sviluppoeconomico.gov.it/unmig/strutturemarine/gtipo.asp?tipo=bitubolare";"GAS";"ENI|http://unmig.sviluppoeconomico.gov.it/unmig/strutturemarine/goperatore.asp?operatore=ENI";;;;;"A.C 8.ME|http://unmig.sviluppoeconomico.gov.it/unmig/strutturemarine/gtitolo.asp?titolo=A.C%20%208.ME";"RUBICONE|http://unmig.sviluppoeconomico.gov.it/unmig/strutturemarine/gcentrale.asp?centrale=RUBICONE";"ZA|http://unmig.sviluppoeconomico.gov.it/unmig/strutturemarine/gzona.asp?zona=ZA";"923/M";"Bologna|http://unmig.sviluppoeconomico.gov.it/unmig/strutturemarine/gsezione.asp?sezione=BO&sez=Bologna";"Rimini|http://unmig.sviluppoeconomico.gov.it/unmig/strutturemarine/gcapitaneria.asp?capitaneria=Rimini";16;17;19;"19 X 4 m";"12.714258";"44.171769";
"AZALEA B";"186";"Di Produzione eroganti";"1987|http://unmig.sviluppoeconomico.gov.it/unmig/strutturemarine/ganno.asp?anno=1987";"struttura reticolare 4 gambe|http://unmig.sviluppoeconomico.gov.it/unmig/strutturemarine/gtipo.asp?tipo=struttura%20reticolare%204%20gambe";"GAS";"ENI|http://unmig.sviluppoeconomico.gov.it/unmig/strutturemarine/goperatore.asp?operatore=ENI";11;9;2;;"A.C 8.ME|http://unmig.sviluppoeconomico.gov.it/unmig/strutturemarine/gtitolo.asp?titolo=A.C%20%208.ME";"RUBICONE|http://unmig.sviluppoeconomico.gov.it/unmig/strutturemarine/gcentrale.asp?centrale=RUBICONE";"ZA|http://unmig.sviluppoeconomico.gov.it/unmig/strutturemarine/gzona.asp?zona=ZA";"923/M";"Bologna|http://unmig.sviluppoeconomico.gov.it/unmig/strutturemarine/gsezione.asp?sezione=BO&sez=Bologna";"Rimini|http://unmig.sviluppoeconomico.gov.it/unmig/strutturemarine/gcapitaneria.asp?capitaneria=Rimini";16;42;19;"100 x 27 m";"12.720562";"44.166817";
"BENEDETTA 1";"200";"Non Operativa";"2006|http://unmig.sviluppoeconomico.gov.it/unmig/strutturemarine/ganno.asp?anno=2006";"monotubolare|http://unmig.sviluppoeconomico.gov.it/unmig/strutturemarine/gtipo.asp?tipo=monotubolare";"GAS";"ENI|http://unmig.sviluppoeconomico.gov.it/unmig/strutturemarine/goperatore.asp?operatore=ENI";1;1;;;"d 39 A.C-.EA|http://unmig.sviluppoeconomico.gov.it/unmig/strutturemarine/gtitolo.asp?titolo=d%2039%20A.C-.EA";"RUBICONE|http://unmig.sviluppoeconomico.gov.it/unmig/strutturemarine/gcentrale.asp?centrale=RUBICONE";"ZA|http://unmig.sviluppoeconomico.gov.it/unmig/strutturemarine/gzona.asp?zona=ZA";"923/M";"Bologna|http://unmig.sviluppoeconomico.gov.it/unmig/strutturemarine/gsezione.asp?sezione=BO&sez=Bologna";"Rimini|http://unmig.sviluppoeconomico.gov.it/unmig/strutturemarine/gcapitaneria.asp?capitaneria=Rimini";9;20;13;"4 x 3 m";"12.581966";"44.1794";
"CERVIA A";"206";"Di Produzione eroganti";"1986|http://unmig.sviluppoeconomico.gov.it/unmig/strutturemarine/ganno.asp?anno=1986";"struttura reticolare 8 gambe|http://unmig.sviluppoeconomico.gov.it/unmig/strutturemarine/gtipo.asp?tipo=struttura%20reticolare%208%20gambe";"GAS";"ENI|http://unmig.sviluppoeconomico.gov.it/unmig/strutturemarine/goperatore.asp?operatore=ENI";11;9;2;;"CERVIA MARE|http://unmig.sviluppoeconomico.gov.it/unmig/strutturemarine/gtitolo.asp?titolo=CERVIA%20MARE";"RUBICONE|http://unmig.sviluppoeconomico.gov.it/unmig/strutturemarine/gcentrale.asp?centrale=RUBICONE";"ZA|http://unmig.sviluppoeconomico.gov.it/unmig/strutturemarine/gzona.asp?zona=ZA";"923/M";"Bologna|http://unmig.sviluppoeconomico.gov.it/unmig/strutturemarine/gsezione.asp?sezione=BO&sez=Bologna";"Rimini|http://unmig.sviluppoeconomico.gov.it/unmig/strutturemarine/gcapitaneria.asp?capitaneria=Rimini";21;50;23;"46 x 22 m";"12.639005";"44.294608";
"CERVIA A CLUSTER";"209";"Di Produzione eroganti";"1992|http://unmig.sviluppoeconomico.gov.it/unmig/strutturemarine/ganno.asp?anno=1992";"cluster|http://unmig.sviluppoeconomico.gov.it/unmig/strutturemarine/gtipo.asp?tipo=cluster";"GAS";"ENI|http://unmig.sviluppoeconomico.gov.it/unmig/strutturemarine/goperatore.asp?operatore=ENI";3;2;1;;"CERVIA MARE|http://unmig.sviluppoeconomico.gov.it/unmig/strutturemarine/gtitolo.asp?titolo=CERVIA%20MARE";"RUBICONE|http://unmig.sviluppoeconomico.gov.it/unmig/strutturemarine/gcentrale.asp?centrale=RUBICONE";"ZA|http://unmig.sviluppoeconomico.gov.it/unmig/strutturemarine/gzona.asp?zona=ZA";"923/M";"Bologna|http://unmig.sviluppoeconomico.gov.it/unmig/strutturemarine/gsezione.asp?sezione=BO&sez=Bologna";"Rimini|http://unmig.sviluppoeconomico.gov.it/unmig/strutturemarine/gcapitaneria.asp?capitaneria=Rimini";20;35;23;"11 x 11 m";"12.639697";"44.295105";
"CERVIA B";"207";"Di Produzione eroganti";"1984|http://unmig.sviluppoeconomico.gov.it/unmig/strutturemarine/ganno.asp?anno=1984";"struttura reticolare 6 gambe|http://unmig.sviluppoeconomico.gov.it/unmig/strutturemarine/gtipo.asp?tipo=struttura%20reticolare%206%20gambe";"GAS";"ENI|http://unmig.sviluppoeconomico.gov.it/unmig/strutturemarine/goperatore.asp?operatore=ENI";5;;5;;"CERVIA MARE|http://unmig.sviluppoeconomico.gov.it/unmig/strutturemarine/gtitolo.asp?titolo=CERVIA%20MARE";"RUBICONE|http://unmig.sviluppoeconomico.gov.it/unmig/strutturemarine/gcentrale.asp?centrale=RUBICONE";"ZA|http://unmig.sviluppoeconomico.gov.it/unmig/strutturemarine/gzona.asp?zona=ZA";"923/M";"Bologna|http://unmig.sviluppoeconomico.gov.it/unmig/strutturemarine/gsezione.asp?sezione=BO&sez=Bologna";"Rimini|http://unmig.sviluppoeconomico.gov.it/unmig/strutturemarine/gcapitaneria.asp?capitaneria=Rimini";21;32;24;"42 x 21 m";"12.645428";"44.288823";
"CERVIA C";"208";"Di Produzione eroganti";"1992|http://unmig.sviluppoeconomico.gov.it/unmig/strutturemarine/ganno.asp?anno=1992";"struttura reticolare 8 gambe|http://unmig.sviluppoeconomico.gov.it/unmig/strutturemarine/gtipo.asp?tipo=struttura%20reticolare%208%20gambe";"GAS";"ENI|http://unmig.sviluppoeconomico.gov.it/unmig/strutturemarine/goperatore.asp?operatore=ENI";9;3;6;;"FASCIA CERVIA MARE|http://unmig.sviluppoeconomico.gov.it/unmig/strutturemarine/gtitolo.asp?titolo=FASCIA%20CERVIA%20MARE";"RUBICONE|http://unmig.sviluppoeconomico.gov.it/unmig/strutturemarine/gcentrale.asp?centrale=RUBICONE";"ZA|http://unmig.sviluppoeconomico.gov.it/unmig/strutturemarine/gzona.asp?zona=ZA";"923/M";"Bologna|http://unmig.sviluppoeconomico.gov.it/unmig/strutturemarine/gsezione.asp?sezione=BO&sez=Bologna";"Rimini|http://unmig.sviluppoeconomico.gov.it/unmig/strutturemarine/gcapitaneria.asp?capitaneria=Rimini";20;54;23;"51 x 26 m";"12.640079";"44.30165";
"CERVIA K";"210";"Di supporto alla produzione";"2000|http://unmig.sviluppoeconomico.gov.it/unmig/strutturemarine/ganno.asp?anno=2000";"struttura reticolare 4 gambe|http://unmig.sviluppoeconomico.gov.it/unmig/strutturemarine/gtipo.asp?tipo=struttura%20reticolare%204%20gambe";"GAS";"ENI|http://unmig.sviluppoeconomico.gov.it/unmig/strutturemarine/goperatore.asp?operatore=ENI";0;;;;"CERVIA MARE|http://unmig.sviluppoeconomico.gov.it/unmig/strutturemarine/gtitolo.asp?titolo=CERVIA%20MARE";"RUBICONE|http://unmig.sviluppoeconomico.gov.it/unmig/strutturemarine/gcentrale.asp?centrale=RUBICONE";"ZA|http://unmig.sviluppoeconomico.gov.it/unmig/strutturemarine/gzona.asp?zona=ZA";"923/M";"Bologna|http://unmig.sviluppoeconomico.gov.it/unmig/strutturemarine/gsezione.asp?sezione=BO&sez=Bologna";"Rimini|http://unmig.sviluppoeconomico.gov.it/unmig/strutturemarine/gcapitaneria.asp?capitaneria=Rimini";21;62;24;"35 x 26 m";"12.639076";"44.295474";
"DAVIDE";"216";"Di Produzione non Erogante";"1980|http://unmig.sviluppoeconomico.gov.it/unmig/strutturemarine/ganno.asp?anno=1980";"monotubolare|http://unmig.sviluppoeconomico.gov.it/unmig/strutturemarine/gtipo.asp?tipo=monotubolare";"GAS";"ADRIATICA IDROCARBURI|http://unmig.sviluppoeconomico.gov.it/unmig/strutturemarine/goperatore.asp?operatore=ADRIATICA%20IDROCARBURI";4;4;;;"B.C 4.AS|http://unmig.sviluppoeconomico.gov.it/unmig/strutturemarine/gtitolo.asp?titolo=B.C%20%204.AS";"GROTTAMMARE|http://unmig.sviluppoeconomico.gov.it/unmig/strutturemarine/gcentrale.asp?centrale=GROTTAMMARE";"ZB|http://unmig.sviluppoeconomico.gov.it/unmig/strutturemarine/gzona.asp?zona=ZB";"922/M";"Roma|http://unmig.sviluppoeconomico.gov.it/unmig/strutturemarine/gsezione.asp?sezione=RM&sez=Roma";"Pesaro|http://unmig.sviluppoeconomico.gov.it/unmig/strutturemarine/gcapitaneria.asp?capitaneria=Pesaro";17;18;30;"18 x 14 m";"14.017133";"43.095985";
"DAVIDE 7";"217";"Di Produzione non Erogante";"2002|http://unmig.sviluppoeconomico.gov.it/unmig/strutturemarine/ganno.asp?anno=2002";"monotubolare|http://unmig.sviluppoeconomico.gov.it/unmig/strutturemarine/gtipo.asp?tipo=monotubolare";"GAS";"ADRIATICA IDROCARBURI|http://unmig.sviluppoeconomico.gov.it/unmig/strutturemarine/goperatore.asp?operatore=ADRIATICA%20IDROCARBURI";2;2;;;"B.C 4.AS|http://unmig.sviluppoeconomico.gov.it/unmig/strutturemarine/gtitolo.asp?titolo=B.C%20%204.AS";"GROTTAMMARE|http://unmig.sviluppoeconomico.gov.it/unmig/strutturemarine/gcentrale.asp?centrale=GROTTAMMARE";"ZB|http://unmig.sviluppoeconomico.gov.it/unmig/strutturemarine/gzona.asp?zona=ZB";"922/M";"Roma|http://unmig.sviluppoeconomico.gov.it/unmig/strutturemarine/gsezione.asp?sezione=RM&sez=Roma";"Pesaro|http://unmig.sviluppoeconomico.gov.it/unmig/strutturemarine/gcapitaneria.asp?capitaneria=Pesaro";17;18;30;"8 x 8 m";"14.016886";"43.095755";
"DIANA";"218";"Di Produzione non Erogante";"1971|http://unmig.sviluppoeconomico.gov.it/unmig/strutturemarine/ganno.asp?anno=1971";"cluster|http://unmig.sviluppoeconomico.gov.it/unmig/strutturemarine/gtipo.asp?tipo=cluster";"GAS";"ENI|http://unmig.sviluppoeconomico.gov.it/unmig/strutturemarine/goperatore.asp?operatore=ENI";3;3;;;"A.C 29.EA|http://unmig.sviluppoeconomico.gov.it/unmig/strutturemarine/gtitolo.asp?titolo=A.C%2029.EA";"RAVENNA MARE|http://unmig.sviluppoeconomico.gov.it/unmig/strutturemarine/gcentrale.asp?centrale=RAVENNA%20MARE";"ZA|http://unmig.sviluppoeconomico.gov.it/unmig/strutturemarine/gzona.asp?zona=ZA";"924/M";"Bologna|http://unmig.sviluppoeconomico.gov.it/unmig/strutturemarine/gsezione.asp?sezione=BO&sez=Bologna";"Ravenna|http://unmig.sviluppoeconomico.gov.it/unmig/strutturemarine/gcapitaneria.asp?capitaneria=Ravenna";10;16;15;"32 x 26 m";"12.425718";"44.441373";
"ELEONORA";"220";"Di Produzione eroganti";"1987|http://unmig.sviluppoeconomico.gov.it/unmig/strutturemarine/ganno.asp?anno=1987";"struttura reticolare 8 gambe|http://unmig.sviluppoeconomico.gov.it/unmig/strutturemarine/gtipo.asp?tipo=struttura%20reticolare%208%20gambe";"GAS";"ADRIATICA IDROCARBURI|http://unmig.sviluppoeconomico.gov.it/unmig/strutturemarine/goperatore.asp?operatore=ADRIATICA%20IDROCARBURI";9;8;1;;"B.C 3.AS|http://unmig.sviluppoeconomico.gov.it/unmig/strutturemarine/gtitolo.asp?titolo=B.C%20%203.AS";"PINETO|http://unmig.sviluppoeconomico.gov.it/unmig/strutturemarine/gcentrale.asp?centrale=PINETO";"ZB|http://unmig.sviluppoeconomico.gov.it/unmig/strutturemarine/gzona.asp?zona=ZB";"922/M";"Roma|http://unmig.sviluppoeconomico.gov.it/unmig/strutturemarine/gsezione.asp?sezione=RM&sez=Roma";"Pesaro|http://unmig.sviluppoeconomico.gov.it/unmig/strutturemarine/gcapitaneria.asp?capitaneria=Pesaro";24;34;60;"34 x 28 m";"14.155689";"42.840158";
"FABRIZIA 1";"224";"Di Produzione non Erogante";"1998|http://unmig.sviluppoeconomico.gov.it/unmig/strutturemarine/ganno.asp?anno=1998";"monotubolare|http://unmig.sviluppoeconomico.gov.it/unmig/strutturemarine/gtipo.asp?tipo=monotubolare";"GAS";"ADRIATICA IDROCARBURI|http://unmig.sviluppoeconomico.gov.it/unmig/strutturemarine/goperatore.asp?operatore=ADRIATICA%20IDROCARBURI";1;1;;;"B.C 21.AG|http://unmig.sviluppoeconomico.gov.it/unmig/strutturemarine/gtitolo.asp?titolo=B.C%2021.AG";"GROTTAMMARE|http://unmig.sviluppoeconomico.gov.it/unmig/strutturemarine/gcentrale.asp?centrale=GROTTAMMARE";"ZB|http://unmig.sviluppoeconomico.gov.it/unmig/strutturemarine/gzona.asp?zona=ZB";"922/M";"Roma|http://unmig.sviluppoeconomico.gov.it/unmig/strutturemarine/gsezione.asp?sezione=RM&sez=Roma";"Pesaro|http://unmig.sviluppoeconomico.gov.it/unmig/strutturemarine/gcapitaneria.asp?capitaneria=Pesaro";12;19;22;"8 x 8 m";"14.00114";"43.041377";
"FRATELLO CLUSTER";"225";"Di Produzione eroganti";"1979|http://unmig.sviluppoeconomico.gov.it/unmig/strutturemarine/ganno.asp?anno=1979";"cluster|http://unmig.sviluppoeconomico.gov.it/unmig/strutturemarine/gtipo.asp?tipo=cluster";"GAS";"ADRIATICA IDROCARBURI|http://unmig.sviluppoeconomico.gov.it/unmig/strutturemarine/goperatore.asp?operatore=ADRIATICA%20IDROCARBURI";3;1;2;;"B.C 5.AS|http://unmig.sviluppoeconomico.gov.it/unmig/strutturemarine/gtitolo.asp?titolo=B.C%20%205.AS";"PINETO|http://unmig.sviluppoeconomico.gov.it/unmig/strutturemarine/gcentrale.asp?centrale=PINETO";"ZB|http://unmig.sviluppoeconomico.gov.it/unmig/strutturemarine/gzona.asp?zona=ZB";"922/M";"Roma|http://unmig.sviluppoeconomico.gov.it/unmig/strutturemarine/gsezione.asp?sezione=RM&sez=Roma";"Pesaro|http://unmig.sviluppoeconomico.gov.it/unmig/strutturemarine/gcapitaneria.asp?capitaneria=Pesaro";12;21;19;"31 x 30 m";"14.168514";"42.610534";
"FRATELLO EST 2";"226";"Di Produzione non Erogante";"1980|http://unmig.sviluppoeconomico.gov.it/unmig/strutturemarine/ganno.asp?anno=1980";"monotubolare|http://unmig.sviluppoeconomico.gov.it/unmig/strutturemarine/gtipo.asp?tipo=monotubolare";"GAS";"ADRIATICA IDROCARBURI|http://unmig.sviluppoeconomico.gov.it/unmig/strutturemarine/goperatore.asp?operatore=ADRIATICA%20IDROCARBURI";1;1;;;"B.C 5.AS|http://unmig.sviluppoeconomico.gov.it/unmig/strutturemarine/gtitolo.asp?titolo=B.C%20%205.AS";"PINETO|http://unmig.sviluppoeconomico.gov.it/unmig/strutturemarine/gcentrale.asp?centrale=PINETO";"ZB|http://unmig.sviluppoeconomico.gov.it/unmig/strutturemarine/gzona.asp?zona=ZB";"922/M";"Roma|http://unmig.sviluppoeconomico.gov.it/unmig/strutturemarine/gsezione.asp?sezione=RM&sez=Roma";"Pesaro|http://unmig.sviluppoeconomico.gov.it/unmig/strutturemarine/gcapitaneria.asp?capitaneria=Pesaro";13;17;17;"8 x 8 m";"14.172827";"42.576845";
"FRATELLO NORD";"227";"Di Produzione eroganti";"1980|http://unmig.sviluppoeconomico.gov.it/unmig/strutturemarine/ganno.asp?anno=1980";"bitubolare|http://unmig.sviluppoeconomico.gov.it/unmig/strutturemarine/gtipo.asp?tipo=bitubolare";"GAS";"ADRIATICA IDROCARBURI|http://unmig.sviluppoeconomico.gov.it/unmig/strutturemarine/goperatore.asp?operatore=ADRIATICA%20IDROCARBURI";2;1;1;;"B.C 5.AS|http://unmig.sviluppoeconomico.gov.it/unmig/strutturemarine/gtitolo.asp?titolo=B.C%20%205.AS";"PINETO|http://unmig.sviluppoeconomico.gov.it/unmig/strutturemarine/gcentrale.asp?centrale=PINETO";"ZB|http://unmig.sviluppoeconomico.gov.it/unmig/strutturemarine/gzona.asp?zona=ZB";"922/M";"Roma|http://unmig.sviluppoeconomico.gov.it/unmig/strutturemarine/gsezione.asp?sezione=RM&sez=Roma";"Pesaro|http://unmig.sviluppoeconomico.gov.it/unmig/strutturemarine/gcapitaneria.asp?capitaneria=Pesaro";13;15;23;"19 x 4 m";"14.170126";"42.648861";
"GARIBALDI A";"228";"Di Produzione eroganti";"1969|http://unmig.sviluppoeconomico.gov.it/unmig/strutturemarine/ganno.asp?anno=1969";"struttura reticolare 8 gambe|http://unmig.sviluppoeconomico.gov.it/unmig/strutturemarine/gtipo.asp?tipo=struttura%20reticolare%208%20gambe";"GAS";"ENI|http://unmig.sviluppoeconomico.gov.it/unmig/strutturemarine/goperatore.asp?operatore=ENI";11;8;3;;"A.C 1.AG|http://unmig.sviluppoeconomico.gov.it/unmig/strutturemarine/gtitolo.asp?titolo=A.C%20%201.AG";"CASALBORSETTI|http://unmig.sviluppoeconomico.gov.it/unmig/strutturemarine/gcentrale.asp?centrale=CASALBORSETTI";"ZA|http://unmig.sviluppoeconomico.gov.it/unmig/strutturemarine/gzona.asp?zona=ZA";"924/M";"Bologna|http://unmig.sviluppoeconomico.gov.it/unmig/strutturemarine/gsezione.asp?sezione=BO&sez=Bologna";"Ravenna|http://unmig.sviluppoeconomico.gov.it/unmig/strutturemarine/gcapitaneria.asp?capitaneria=Ravenna";19;50;25;"46 x 90 m";"12.510457";"44.523023";
"GARIBALDI A CLUSTER";"231";"Di Produzione eroganti";"1991|http://unmig.sviluppoeconomico.gov.it/unmig/strutturemarine/ganno.asp?anno=1991";"cluster|http://unmig.sviluppoeconomico.gov.it/unmig/strutturemarine/gtipo.asp?tipo=cluster";"GAS";"ENI|http://unmig.sviluppoeconomico.gov.it/unmig/strutturemarine/goperatore.asp?operatore=ENI";3;2;1;;"A.C 1.AG|http://unmig.sviluppoeconomico.gov.it/unmig/strutturemarine/gtitolo.asp?titolo=A.C%20%201.AG";"CASALBORSETTI|http://unmig.sviluppoeconomico.gov.it/unmig/strutturemarine/gcentrale.asp?centrale=CASALBORSETTI";"ZA|http://unmig.sviluppoeconomico.gov.it/unmig/strutturemarine/gzona.asp?zona=ZA";"924/M";"Bologna|http://unmig.sviluppoeconomico.gov.it/unmig/strutturemarine/gsezione.asp?sezione=BO&sez=Bologna";"Ravenna|http://unmig.sviluppoeconomico.gov.it/unmig/strutturemarine/gcapitaneria.asp?capitaneria=Ravenna";17;32;24;"11 x 11 m";"12.51205";"44.523727";
"GARIBALDI B";"229";"Di Produzione eroganti";"1969|http://unmig.sviluppoeconomico.gov.it/unmig/strutturemarine/ganno.asp?anno=1969";"struttura reticolare 8 gambe|http://unmig.sviluppoeconomico.gov.it/unmig/strutturemarine/gtipo.asp?tipo=struttura%20reticolare%208%20gambe";"GAS";"ENI|http://unmig.sviluppoeconomico.gov.it/unmig/strutturemarine/goperatore.asp?operatore=ENI";13;5;7;;"A.C 1.AG|http://unmig.sviluppoeconomico.gov.it/unmig/strutturemarine/gtitolo.asp?titolo=A.C%20%201.AG";"CASALBORSETTI|http://unmig.sviluppoeconomico.gov.it/unmig/strutturemarine/gcentrale.asp?centrale=CASALBORSETTI";"ZA|http://unmig.sviluppoeconomico.gov.it/unmig/strutturemarine/gzona.asp?zona=ZA";"924/M";"Bologna|http://unmig.sviluppoeconomico.gov.it/unmig/strutturemarine/gsezione.asp?sezione=BO&sez=Bologna";"Ravenna|http://unmig.sviluppoeconomico.gov.it/unmig/strutturemarine/gcapitaneria.asp?capitaneria=Ravenna";20;50;26;"46 x 22 m";"12.531292";"44.487009";
"GARIBALDI C";"230";"Di Produzione eroganti";"1992|http://unmig.sviluppoeconomico.gov.it/unmig/strutturemarine/ganno.asp?anno=1992";"struttura reticolare 8 gambe|http://unmig.sviluppoeconomico.gov.it/unmig/strutturemarine/gtipo.asp?tipo=struttura%20reticolare%208%20gambe";"GAS";"ENI|http://unmig.sviluppoeconomico.gov.it/unmig/strutturemarine/goperatore.asp?operatore=ENI";12;8;4;;"A.C 1.AG|http://unmig.sviluppoeconomico.gov.it/unmig/strutturemarine/gtitolo.asp?titolo=A.C%20%201.AG";"CASALBORSETTI|http://unmig.sviluppoeconomico.gov.it/unmig/strutturemarine/gcentrale.asp?centrale=CASALBORSETTI";"ZA|http://unmig.sviluppoeconomico.gov.it/unmig/strutturemarine/gzona.asp?zona=ZA";"924/M";"Bologna|http://unmig.sviluppoeconomico.gov.it/unmig/strutturemarine/gsezione.asp?sezione=BO&sez=Bologna";"Ravenna|http://unmig.sviluppoeconomico.gov.it/unmig/strutturemarine/gcapitaneria.asp?capitaneria=Ravenna";18;62;25;"48 x 26 m";"12.51528";"44.531601";
"GARIBALDI D";"232";"Di Produzione eroganti";"1993|http://unmig.sviluppoeconomico.gov.it/unmig/strutturemarine/ganno.asp?anno=1993";"struttura reticolare 8 gambe|http://unmig.sviluppoeconomico.gov.it/unmig/strutturemarine/gtipo.asp?tipo=struttura%20reticolare%208%20gambe";"GAS";"ENI|http://unmig.sviluppoeconomico.gov.it/unmig/strutturemarine/goperatore.asp?operatore=ENI";12;8;4;;"A.C 1.AG|http://unmig.sviluppoeconomico.gov.it/unmig/strutturemarine/gtitolo.asp?titolo=A.C%20%201.AG";"CASALBORSETTI|http://unmig.sviluppoeconomico.gov.it/unmig/strutturemarine/gcentrale.asp?centrale=CASALBORSETTI";"ZA|http://unmig.sviluppoeconomico.gov.it/unmig/strutturemarine/gzona.asp?zona=ZA";"924/M";"Bologna|http://unmig.sviluppoeconomico.gov.it/unmig/strutturemarine/gsezione.asp?sezione=BO&sez=Bologna";"Ravenna|http://unmig.sviluppoeconomico.gov.it/unmig/strutturemarine/gcapitaneria.asp?capitaneria=Ravenna";18;30;25;"37 x 21 m";"12.546062";"44.478183";
"GARIBALDI K";"233";"Di supporto alla produzione";"1998|http://unmig.sviluppoeconomico.gov.it/unmig/strutturemarine/ganno.asp?anno=1998";"struttura reticolare 4 gambe|http://unmig.sviluppoeconomico.gov.it/unmig/strutturemarine/gtipo.asp?tipo=struttura%20reticolare%204%20gambe";"GAS";"ENI|http://unmig.sviluppoeconomico.gov.it/unmig/strutturemarine/goperatore.asp?operatore=ENI";0;;;;"A.C 1.AG|http://unmig.sviluppoeconomico.gov.it/unmig/strutturemarine/gtitolo.asp?titolo=A.C%20%201.AG";"CASALBORSETTI|http://unmig.sviluppoeconomico.gov.it/unmig/strutturemarine/gcentrale.asp?centrale=CASALBORSETTI";"ZA|http://unmig.sviluppoeconomico.gov.it/unmig/strutturemarine/gzona.asp?zona=ZA";"924/M";"Bologna|http://unmig.sviluppoeconomico.gov.it/unmig/strutturemarine/gsezione.asp?sezione=BO&sez=Bologna";"Ravenna|http://unmig.sviluppoeconomico.gov.it/unmig/strutturemarine/gcapitaneria.asp?capitaneria=Ravenna";22;80;25;"29 x 31 m";"12.516137";"44.532077";
"GARIBALDI T";"234";"Di supporto alla produzione";"1998|http://unmig.sviluppoeconomico.gov.it/unmig/strutturemarine/ganno.asp?anno=1998";"struttura reticolare 4 gambe|http://unmig.sviluppoeconomico.gov.it/unmig/strutturemarine/gtipo.asp?tipo=struttura%20reticolare%204%20gambe";"GAS";"ENI|http://unmig.sviluppoeconomico.gov.it/unmig/strutturemarine/goperatore.asp?operatore=ENI";0;;;;"A.C 1.AG|http://unmig.sviluppoeconomico.gov.it/unmig/strutturemarine/gtitolo.asp?titolo=A.C%20%201.AG";"CASALBORSETTI|http://unmig.sviluppoeconomico.gov.it/unmig/strutturemarine/gcentrale.asp?centrale=CASALBORSETTI";"ZA|http://unmig.sviluppoeconomico.gov.it/unmig/strutturemarine/gzona.asp?zona=ZA";"924/M";"Bologna|http://unmig.sviluppoeconomico.gov.it/unmig/strutturemarine/gsezione.asp?sezione=BO&sez=Bologna";"Ravenna|http://unmig.sviluppoeconomico.gov.it/unmig/strutturemarine/gcapitaneria.asp?capitaneria=Ravenna";22;80;25;"29 x 31 m";"12.511376";"44.523311";
"GELA 1";"235";"Di Produzione eroganti";"1964|http://unmig.sviluppoeconomico.gov.it/unmig/strutturemarine/ganno.asp?anno=1964";"pontile|http://unmig.sviluppoeconomico.gov.it/unmig/strutturemarine/gtipo.asp?tipo=pontile";"OLIO";"ENI MEDITERRANEA IDROCARBURI|http://unmig.sviluppoeconomico.gov.it/unmig/strutturemarine/goperatore.asp?operatore=ENI%20MEDITERRANEA%20IDROCARBURI";11;6;5;;"C.C 1.AG|http://unmig.sviluppoeconomico.gov.it/unmig/strutturemarine/gtitolo.asp?titolo=C.C%20%201.AG";"NUOVO CENTRO OLIO GELA|http://unmig.sviluppoeconomico.gov.it/unmig/strutturemarine/gcentrale.asp?centrale=NUOVO%20CENTRO%20OLIO%20GELA";"ZC|http://unmig.sviluppoeconomico.gov.it/unmig/strutturemarine/gzona.asp?zona=ZC";"917/M";"Sicilia|http://unmig.sviluppoeconomico.gov.it/unmig/strutturemarine/gsezione.asp?sezione=SI&sez=Sicilia";"Gela|http://unmig.sviluppoeconomico.gov.it/unmig/strutturemarine/gcapitaneria.asp?capitaneria=Gela";2;21;10;"35 x 15 m";"14.26955";"37.032157";
"GELA CLUSTER";"298";"Di Produzione non Erogante";"1986|http://unmig.sviluppoeconomico.gov.it/unmig/strutturemarine/ganno.asp?anno=1986";"pontile|http://unmig.sviluppoeconomico.gov.it/unmig/strutturemarine/gtipo.asp?tipo=pontile";"OLIO";"ENI MEDITERRANEA IDROCARBURI|http://unmig.sviluppoeconomico.gov.it/unmig/strutturemarine/goperatore.asp?operatore=ENI%20MEDITERRANEA%20IDROCARBURI";0;;;;"C.C 1.AG|http://unmig.sviluppoeconomico.gov.it/unmig/strutturemarine/gtitolo.asp?titolo=C.C%20%201.AG";"NUOVO CENTRO OLIO GELA|http://unmig.sviluppoeconomico.gov.it/unmig/strutturemarine/gcentrale.asp?centrale=NUOVO%20CENTRO%20OLIO%20GELA";"ZC|http://unmig.sviluppoeconomico.gov.it/unmig/strutturemarine/gzona.asp?zona=ZC";"917/M";"Sicilia|http://unmig.sviluppoeconomico.gov.it/unmig/strutturemarine/gsezione.asp?sezione=SI&sez=Sicilia";"Gela|http://unmig.sviluppoeconomico.gov.it/unmig/strutturemarine/gcapitaneria.asp?capitaneria=Gela";2;11;10;"21 x 15 m";"14.269454";"37.032449";
"GIULIA 1";"237";"Non Operativa";"1980|http://unmig.sviluppoeconomico.gov.it/unmig/strutturemarine/ganno.asp?anno=1980";"monotubolare|http://unmig.sviluppoeconomico.gov.it/unmig/strutturemarine/gtipo.asp?tipo=monotubolare";"GAS";"ENI|http://unmig.sviluppoeconomico.gov.it/unmig/strutturemarine/goperatore.asp?operatore=ENI";1;1;;;"A.C 17.AG|http://unmig.sviluppoeconomico.gov.it/unmig/strutturemarine/gtitolo.asp?titolo=A.C%2017.AG";"FANO|http://unmig.sviluppoeconomico.gov.it/unmig/strutturemarine/gcentrale.asp?centrale=FANO";"ZA|http://unmig.sviluppoeconomico.gov.it/unmig/strutturemarine/gzona.asp?zona=ZA";"923/M";"Roma|http://unmig.sviluppoeconomico.gov.it/unmig/strutturemarine/gsezione.asp?sezione=RM&sez=Roma";"Rimini|http://unmig.sviluppoeconomico.gov.it/unmig/strutturemarine/gcapitaneria.asp?capitaneria=Rimini";15;15;17;"8 x 8 m";"12.753326";"44.13104";
"HERA LACINIA 14";"238";"Di Produzione non Erogante";"1992|http://unmig.sviluppoeconomico.gov.it/unmig/strutturemarine/ganno.asp?anno=1992";"monotubolare|http://unmig.sviluppoeconomico.gov.it/unmig/strutturemarine/gtipo.asp?tipo=monotubolare";"GAS";"IONICA GAS|http://unmig.sviluppoeconomico.gov.it/unmig/strutturemarine/goperatore.asp?operatore=IONICA%20GAS";1;1;;;"D.C 4.AG|http://unmig.sviluppoeconomico.gov.it/unmig/strutturemarine/gtitolo.asp?titolo=D.C%20%204.AG";"CROTONE|http://unmig.sviluppoeconomico.gov.it/unmig/strutturemarine/gcentrale.asp?centrale=CROTONE";"ZD|http://unmig.sviluppoeconomico.gov.it/unmig/strutturemarine/gzona.asp?zona=ZD";"919/M";"Napoli|http://unmig.sviluppoeconomico.gov.it/unmig/strutturemarine/gsezione.asp?sezione=NA&sez=Napoli";"Crotone|http://unmig.sviluppoeconomico.gov.it/unmig/strutturemarine/gcapitaneria.asp?capitaneria=Crotone";2;10;30;"4 x 4 m";"17.165078";"39.059378";
"HERA LACINIA BEAF";"239";"Di Produzione eroganti";"1998|http://unmig.sviluppoeconomico.gov.it/unmig/strutturemarine/ganno.asp?anno=1998";"struttura reticolare 4 gambe|http://unmig.sviluppoeconomico.gov.it/unmig/strutturemarine/gtipo.asp?tipo=struttura%20reticolare%204%20gambe";"GAS";"IONICA GAS|http://unmig.sviluppoeconomico.gov.it/unmig/strutturemarine/goperatore.asp?operatore=IONICA%20GAS";3;;3;;"D.C 1.AG|http://unmig.sviluppoeconomico.gov.it/unmig/strutturemarine/gtitolo.asp?titolo=D.C%20%201.AG";"CROTONE|http://unmig.sviluppoeconomico.gov.it/unmig/strutturemarine/gcentrale.asp?centrale=CROTONE";"ZD|http://unmig.sviluppoeconomico.gov.it/unmig/strutturemarine/gzona.asp?zona=ZD";"919/M";"Napoli|http://unmig.sviluppoeconomico.gov.it/unmig/strutturemarine/gsezione.asp?sezione=NA&sez=Napoli";"Crotone|http://unmig.sviluppoeconomico.gov.it/unmig/strutturemarine/gcapitaneria.asp?capitaneria=Crotone";5;19;32;"19 x 17 m";"17.172791";"39.062022";
"JOLE 1";"240";"Di Produzione non Erogante";"1999|http://unmig.sviluppoeconomico.gov.it/unmig/strutturemarine/ganno.asp?anno=1999";"monotubolare|http://unmig.sviluppoeconomico.gov.it/unmig/strutturemarine/gtipo.asp?tipo=monotubolare";"GAS";"ADRIATICA IDROCARBURI|http://unmig.sviluppoeconomico.gov.it/unmig/strutturemarine/goperatore.asp?operatore=ADRIATICA%20IDROCARBURI";1;1;;;"B.C 21.AG|http://unmig.sviluppoeconomico.gov.it/unmig/strutturemarine/gtitolo.asp?titolo=B.C%2021.AG";"GROTTAMMARE|http://unmig.sviluppoeconomico.gov.it/unmig/strutturemarine/gcentrale.asp?centrale=GROTTAMMARE";"ZB|http://unmig.sviluppoeconomico.gov.it/unmig/strutturemarine/gzona.asp?zona=ZB";"922/M";"Roma|http://unmig.sviluppoeconomico.gov.it/unmig/strutturemarine/gsezione.asp?sezione=RM&sez=Roma";"Pesaro|http://unmig.sviluppoeconomico.gov.it/unmig/strutturemarine/gcapitaneria.asp?capitaneria=Pesaro";7;19;17;"8 x 8 m";"13.926435";"43.040959";
"LUNA 27";"241";"Di Produzione non Erogante";"1987|http://unmig.sviluppoeconomico.gov.it/unmig/strutturemarine/ganno.asp?anno=1987";"testa pozzo sottomarina|http://unmig.sviluppoeconomico.gov.it/unmig/strutturemarine/gtipo.asp?tipo=testa%20pozzo%20sottomarina";"GAS";"IONICA GAS|http://unmig.sviluppoeconomico.gov.it/unmig/strutturemarine/goperatore.asp?operatore=IONICA%20GAS";1;1;;;"F.C 1.AG|http://unmig.sviluppoeconomico.gov.it/unmig/strutturemarine/gtitolo.asp?titolo=F.C%20%201.AG";"CROTONE|http://unmig.sviluppoeconomico.gov.it/unmig/strutturemarine/gcentrale.asp?centrale=CROTONE";"ZF|http://unmig.sviluppoeconomico.gov.it/unmig/strutturemarine/gzona.asp?zona=ZF";"919/M";"Napoli|http://unmig.sviluppoeconomico.gov.it/unmig/strutturemarine/gsezione.asp?sezione=NA&sez=Napoli";"Crotone|http://unmig.sviluppoeconomico.gov.it/unmig/strutturemarine/gcapitaneria.asp?capitaneria=Crotone";5;;180;"";"17.214463";"39.093105";
"LUNA 40 SAF";"242";"Di Produzione non Erogante";"1995|http://unmig.sviluppoeconomico.gov.it/unmig/strutturemarine/ganno.asp?anno=1995";"testa pozzo sottomarina|http://unmig.sviluppoeconomico.gov.it/unmig/strutturemarine/gtipo.asp?tipo=testa%20pozzo%20sottomarina";"GAS";"IONICA GAS|http://unmig.sviluppoeconomico.gov.it/unmig/strutturemarine/goperatore.asp?operatore=IONICA%20GAS";1;1;;;"D.C 1.AG|http://unmig.sviluppoeconomico.gov.it/unmig/strutturemarine/gtitolo.asp?titolo=D.C%20%201.AG";"CROTONE|http://unmig.sviluppoeconomico.gov.it/unmig/strutturemarine/gcentrale.asp?centrale=CROTONE";"ZD|http://unmig.sviluppoeconomico.gov.it/unmig/strutturemarine/gzona.asp?zona=ZD";"919/M";"Napoli|http://unmig.sviluppoeconomico.gov.it/unmig/strutturemarine/gsezione.asp?sezione=NA&sez=Napoli";"Crotone|http://unmig.sviluppoeconomico.gov.it/unmig/strutturemarine/gcapitaneria.asp?capitaneria=Crotone";7;;179;"";"17.198391";"39.092676";
"LUNA A";"243";"Di Produzione eroganti";"1976|http://unmig.sviluppoeconomico.gov.it/unmig/strutturemarine/ganno.asp?anno=1976";"struttura reticolare 8 gambe|http://unmig.sviluppoeconomico.gov.it/unmig/strutturemarine/gtipo.asp?tipo=struttura%20reticolare%208%20gambe";"GAS";"IONICA GAS|http://unmig.sviluppoeconomico.gov.it/unmig/strutturemarine/goperatore.asp?operatore=IONICA%20GAS";12;1;11;;"D.C 1.AG|http://unmig.sviluppoeconomico.gov.it/unmig/strutturemarine/gtitolo.asp?titolo=D.C%20%201.AG";"CROTONE|http://unmig.sviluppoeconomico.gov.it/unmig/strutturemarine/gcentrale.asp?centrale=CROTONE";"ZD|http://unmig.sviluppoeconomico.gov.it/unmig/strutturemarine/gzona.asp?zona=ZD";"919/M";"Napoli|http://unmig.sviluppoeconomico.gov.it/unmig/strutturemarine/gsezione.asp?sezione=NA&sez=Napoli";"Crotone|http://unmig.sviluppoeconomico.gov.it/unmig/strutturemarine/gcapitaneria.asp?capitaneria=Crotone";7;38;70;"61 x 31 m";"17.181716";"39.114867";
"LUNA B";"244";"Di Produzione eroganti";"1992|http://unmig.sviluppoeconomico.gov.it/unmig/strutturemarine/ganno.asp?anno=1992";"struttura reticolare 8 gambe|http://unmig.sviluppoeconomico.gov.it/unmig/strutturemarine/gtipo.asp?tipo=struttura%20reticolare%208%20gambe";"GAS";"IONICA GAS|http://unmig.sviluppoeconomico.gov.it/unmig/strutturemarine/goperatore.asp?operatore=IONICA%20GAS";12;1;11;;"D.C 1.AG|http://unmig.sviluppoeconomico.gov.it/unmig/strutturemarine/gtitolo.asp?titolo=D.C%20%201.AG";"CROTONE|http://unmig.sviluppoeconomico.gov.it/unmig/strutturemarine/gcentrale.asp?centrale=CROTONE";"ZD|http://unmig.sviluppoeconomico.gov.it/unmig/strutturemarine/gzona.asp?zona=ZD";"919/M";"Napoli|http://unmig.sviluppoeconomico.gov.it/unmig/strutturemarine/gsezione.asp?sezione=NA&sez=Napoli";"Crotone|http://unmig.sviluppoeconomico.gov.it/unmig/strutturemarine/gcapitaneria.asp?capitaneria=Crotone";8;38;100;"43 x 30 m";"17.200183";"39.085558";
"MORENA 1";"245";"Di Produzione non Erogante";"1996|http://unmig.sviluppoeconomico.gov.it/unmig/strutturemarine/ganno.asp?anno=1996";"monotubolare|http://unmig.sviluppoeconomico.gov.it/unmig/strutturemarine/gtipo.asp?tipo=monotubolare";"GAS";"ENI|http://unmig.sviluppoeconomico.gov.it/unmig/strutturemarine/goperatore.asp?operatore=ENI";1;1;;;"A.C 28.EA|http://unmig.sviluppoeconomico.gov.it/unmig/strutturemarine/gtitolo.asp?titolo=A.C%2028.EA";"RUBICONE|http://unmig.sviluppoeconomico.gov.it/unmig/strutturemarine/gcentrale.asp?centrale=RUBICONE";"ZA|http://unmig.sviluppoeconomico.gov.it/unmig/strutturemarine/gzona.asp?zona=ZA";"923/M";"Bologna|http://unmig.sviluppoeconomico.gov.it/unmig/strutturemarine/gsezione.asp?sezione=BO&sez=Bologna";"Rimini|http://unmig.sviluppoeconomico.gov.it/unmig/strutturemarine/gcapitaneria.asp?capitaneria=Rimini";4;20;10;"8 x 8 m";"12.482887";"44.231073";
"NAIDE";"246";"Di Produzione eroganti";"2005|http://unmig.sviluppoeconomico.gov.it/unmig/strutturemarine/ganno.asp?anno=2005";"bitubolare|http://unmig.sviluppoeconomico.gov.it/unmig/strutturemarine/gtipo.asp?tipo=bitubolare";"GAS";"ENI|http://unmig.sviluppoeconomico.gov.it/unmig/strutturemarine/goperatore.asp?operatore=ENI";2;1;1;;"A.C 21.AG|http://unmig.sviluppoeconomico.gov.it/unmig/strutturemarine/gtitolo.asp?titolo=A.C%2021.AG";"RUBICONE|http://unmig.sviluppoeconomico.gov.it/unmig/strutturemarine/gcentrale.asp?centrale=RUBICONE";"ZA|http://unmig.sviluppoeconomico.gov.it/unmig/strutturemarine/gzona.asp?zona=ZA";"924/M";"Bologna|http://unmig.sviluppoeconomico.gov.it/unmig/strutturemarine/gsezione.asp?sezione=BO&sez=Bologna";"Ravenna|http://unmig.sviluppoeconomico.gov.it/unmig/strutturemarine/gcapitaneria.asp?capitaneria=Ravenna";32;20;36;"11 x 11 m";"12.745412";"44.343275";
"OMBRINA MARE 2";"291";"Non Operativa";"2008|http://unmig.sviluppoeconomico.gov.it/unmig/strutturemarine/ganno.asp?anno=2008";"monotubolare|http://unmig.sviluppoeconomico.gov.it/unmig/strutturemarine/gtipo.asp?tipo=monotubolare";"OLIO";"ROCKHOPPER ITALIA|http://unmig.sviluppoeconomico.gov.it/unmig/strutturemarine/goperatore.asp?operatore=ROCKHOPPER%20ITALIA";1;1;;;"B.R269.GC|http://unmig.sviluppoeconomico.gov.it/unmig/strutturemarine/gtitolo.asp?titolo=B.R269.GC";"";"ZB|http://unmig.sviluppoeconomico.gov.it/unmig/strutturemarine/gzona.asp?zona=ZB";"922/M";"Roma|http://unmig.sviluppoeconomico.gov.it/unmig/strutturemarine/gsezione.asp?sezione=RM&sez=Roma";"Ortona|http://unmig.sviluppoeconomico.gov.it/unmig/strutturemarine/gcapitaneria.asp?capitaneria=Ortona";6;;;"";"14.533455";"42.323409";
"PANDA 1";"295";"Non Operativa";"2002|http://unmig.sviluppoeconomico.gov.it/unmig/strutturemarine/ganno.asp?anno=2002";"testa pozzo sottomarina|http://unmig.sviluppoeconomico.gov.it/unmig/strutturemarine/gtipo.asp?tipo=testa%20pozzo%20sottomarina";"GAS";"ENI|http://unmig.sviluppoeconomico.gov.it/unmig/strutturemarine/goperatore.asp?operatore=ENI";1;1;;;"G.R 14.AG|http://unmig.sviluppoeconomico.gov.it/unmig/strutturemarine/gtitolo.asp?titolo=G.R%2014.AG";"";"ZG|http://unmig.sviluppoeconomico.gov.it/unmig/strutturemarine/gzona.asp?zona=ZG";"917/M";"Napoli|http://unmig.sviluppoeconomico.gov.it/unmig/strutturemarine/gsezione.asp?sezione=NA&sez=Napoli";"Porto Empedocle|http://unmig.sviluppoeconomico.gov.it/unmig/strutturemarine/gcapitaneria.asp?capitaneria=Porto%20Empedocle";22;;461;"";"13.623818";"37.00661";
"PANDA W 1";"296";"Non Operativa";"2003|http://unmig.sviluppoeconomico.gov.it/unmig/strutturemarine/ganno.asp?anno=2003";"testa pozzo sottomarina|http://unmig.sviluppoeconomico.gov.it/unmig/strutturemarine/gtipo.asp?tipo=testa%20pozzo%20sottomarina";"GAS";"ENI|http://unmig.sviluppoeconomico.gov.it/unmig/strutturemarine/goperatore.asp?operatore=ENI";1;1;;;"G.R 14.AG|http://unmig.sviluppoeconomico.gov.it/unmig/strutturemarine/gtitolo.asp?titolo=G.R%2014.AG";"";"ZG|http://unmig.sviluppoeconomico.gov.it/unmig/strutturemarine/gzona.asp?zona=ZG";"917/M";"Napoli|http://unmig.sviluppoeconomico.gov.it/unmig/strutturemarine/gsezione.asp?sezione=NA&sez=Napoli";"Porto Empedocle|http://unmig.sviluppoeconomico.gov.it/unmig/strutturemarine/gcapitaneria.asp?capitaneria=Porto%20Empedocle";22;;517;"";"13.594536";"37.000607";
"PERLA";"249";"Di Produzione eroganti";"1983|http://unmig.sviluppoeconomico.gov.it/unmig/strutturemarine/ganno.asp?anno=1983";"struttura reticolare 4 gambe|http://unmig.sviluppoeconomico.gov.it/unmig/strutturemarine/gtipo.asp?tipo=struttura%20reticolare%204%20gambe";"OLIO";"ENI MEDITERRANEA IDROCARBURI|http://unmig.sviluppoeconomico.gov.it/unmig/strutturemarine/goperatore.asp?operatore=ENI%20MEDITERRANEA%20IDROCARBURI";4;1;3;;"C.C 3.AG|http://unmig.sviluppoeconomico.gov.it/unmig/strutturemarine/gtitolo.asp?titolo=C.C%20%203.AG";"CENTRO RACCOLTA OLIO PERLA E PREZIOSO|http://unmig.sviluppoeconomico.gov.it/unmig/strutturemarine/gcentrale.asp?centrale=CENTRO%20RACCOLTA%20OLIO%20PERLA%20E%20PREZIOSO";"ZC|http://unmig.sviluppoeconomico.gov.it/unmig/strutturemarine/gzona.asp?zona=ZC";"917/M";"Napoli|http://unmig.sviluppoeconomico.gov.it/unmig/strutturemarine/gsezione.asp?sezione=NA&sez=Napoli";"Gela|http://unmig.sviluppoeconomico.gov.it/unmig/strutturemarine/gcapitaneria.asp?capitaneria=Gela";13;24;70;"22 x 22 m";"14.216245";"36.954193";
"PORTO CORSINI 80";"251";"Di Produzione non Erogante";"1981|http://unmig.sviluppoeconomico.gov.it/unmig/strutturemarine/ganno.asp?anno=1981";"struttura reticolare 8 gambe|http://unmig.sviluppoeconomico.gov.it/unmig/strutturemarine/gtipo.asp?tipo=struttura%20reticolare%208%20gambe";"GAS";"ENI|http://unmig.sviluppoeconomico.gov.it/unmig/strutturemarine/goperatore.asp?operatore=ENI";12;11;;;"A.C 26.EA|http://unmig.sviluppoeconomico.gov.it/unmig/strutturemarine/gtitolo.asp?titolo=A.C%2026.EA";"RAVENNA MARE|http://unmig.sviluppoeconomico.gov.it/unmig/strutturemarine/gcentrale.asp?centrale=RAVENNA%20MARE";"ZA|http://unmig.sviluppoeconomico.gov.it/unmig/strutturemarine/gzona.asp?zona=ZA";"924/M";"Bologna|http://unmig.sviluppoeconomico.gov.it/unmig/strutturemarine/gsezione.asp?sezione=BO&sez=Bologna";"Ravenna|http://unmig.sviluppoeconomico.gov.it/unmig/strutturemarine/gcapitaneria.asp?capitaneria=Ravenna";19;50;25;"46 x 22 m";"12.546216";"44.40564";
"PORTO CORSINI 80 BIS";"252";"Di Produzione non Erogante";"1983|http://unmig.sviluppoeconomico.gov.it/unmig/strutturemarine/ganno.asp?anno=1983";"struttura reticolare 8 gambe|http://unmig.sviluppoeconomico.gov.it/unmig/strutturemarine/gtipo.asp?tipo=struttura%20reticolare%208%20gambe";"GAS";"ENI|http://unmig.sviluppoeconomico.gov.it/unmig/strutturemarine/goperatore.asp?operatore=ENI";10;10;;;"A.C 26.EA|http://unmig.sviluppoeconomico.gov.it/unmig/strutturemarine/gtitolo.asp?titolo=A.C%2026.EA";"RAVENNA MARE|http://unmig.sviluppoeconomico.gov.it/unmig/strutturemarine/gcentrale.asp?centrale=RAVENNA%20MARE";"ZA|http://unmig.sviluppoeconomico.gov.it/unmig/strutturemarine/gzona.asp?zona=ZA";"924/M";"Bologna|http://unmig.sviluppoeconomico.gov.it/unmig/strutturemarine/gsezione.asp?sezione=BO&sez=Bologna";"Ravenna|http://unmig.sviluppoeconomico.gov.it/unmig/strutturemarine/gcapitaneria.asp?capitaneria=Ravenna";17;50;23;"56 x 25 m";"12.520281";"44.423353";
"PORTO CORSINI M E C";"253";"Di Produzione eroganti";"1987|http://unmig.sviluppoeconomico.gov.it/unmig/strutturemarine/ganno.asp?anno=1987";"struttura reticolare 8 gambe|http://unmig.sviluppoeconomico.gov.it/unmig/strutturemarine/gtipo.asp?tipo=struttura%20reticolare%208%20gambe";"GAS";"ENI|http://unmig.sviluppoeconomico.gov.it/unmig/strutturemarine/goperatore.asp?operatore=ENI";15;12;3;;"A.C 26.EA|http://unmig.sviluppoeconomico.gov.it/unmig/strutturemarine/gtitolo.asp?titolo=A.C%2026.EA";"RAVENNA MARE|http://unmig.sviluppoeconomico.gov.it/unmig/strutturemarine/gcentrale.asp?centrale=RAVENNA%20MARE";"ZA|http://unmig.sviluppoeconomico.gov.it/unmig/strutturemarine/gzona.asp?zona=ZA";"924/M";"Bologna|http://unmig.sviluppoeconomico.gov.it/unmig/strutturemarine/gsezione.asp?sezione=BO&sez=Bologna";"Ravenna|http://unmig.sviluppoeconomico.gov.it/unmig/strutturemarine/gcapitaneria.asp?capitaneria=Ravenna";20;42;24;"49 x 22 m";"12.560198";"44.391356";
"PORTO CORSINI M S 1";"254";"Di Produzione non Erogante";"2000|http://unmig.sviluppoeconomico.gov.it/unmig/strutturemarine/ganno.asp?anno=2000";"monotubolare|http://unmig.sviluppoeconomico.gov.it/unmig/strutturemarine/gtipo.asp?tipo=monotubolare";"GAS";"ENI|http://unmig.sviluppoeconomico.gov.it/unmig/strutturemarine/goperatore.asp?operatore=ENI";1;1;;;"A.C 26.EA|http://unmig.sviluppoeconomico.gov.it/unmig/strutturemarine/gtitolo.asp?titolo=A.C%2026.EA";"RAVENNA MARE|http://unmig.sviluppoeconomico.gov.it/unmig/strutturemarine/gcentrale.asp?centrale=RAVENNA%20MARE";"ZA|http://unmig.sviluppoeconomico.gov.it/unmig/strutturemarine/gzona.asp?zona=ZA";"924/M";"Bologna|http://unmig.sviluppoeconomico.gov.it/unmig/strutturemarine/gsezione.asp?sezione=BO&sez=Bologna";"Ravenna|http://unmig.sviluppoeconomico.gov.it/unmig/strutturemarine/gcapitaneria.asp?capitaneria=Ravenna";20;20;24;"8 x 8 m";"12.588897";"44.348638";
"PORTO CORSINI M S 2";"255";"Di Produzione non Erogante";"2001|http://unmig.sviluppoeconomico.gov.it/unmig/strutturemarine/ganno.asp?anno=2001";"monotubolare|http://unmig.sviluppoeconomico.gov.it/unmig/strutturemarine/gtipo.asp?tipo=monotubolare";"GAS";"ENI|http://unmig.sviluppoeconomico.gov.it/unmig/strutturemarine/goperatore.asp?operatore=ENI";1;1;;;"A.C 26.EA|http://unmig.sviluppoeconomico.gov.it/unmig/strutturemarine/gtitolo.asp?titolo=A.C%2026.EA";"RAVENNA MARE|http://unmig.sviluppoeconomico.gov.it/unmig/strutturemarine/gcentrale.asp?centrale=RAVENNA%20MARE";"ZA|http://unmig.sviluppoeconomico.gov.it/unmig/strutturemarine/gzona.asp?zona=ZA";"924/M";"Bologna|http://unmig.sviluppoeconomico.gov.it/unmig/strutturemarine/gsezione.asp?sezione=BO&sez=Bologna";"Ravenna|http://unmig.sviluppoeconomico.gov.it/unmig/strutturemarine/gcapitaneria.asp?capitaneria=Ravenna";20;20;24;"8 x 8 m";"12.576923";"44.368807";
"PORTO CORSINI M W A";"256";"Di Produzione non Erogante";"1968|http://unmig.sviluppoeconomico.gov.it/unmig/strutturemarine/ganno.asp?anno=1968";"struttura reticolare 12 gambe|http://unmig.sviluppoeconomico.gov.it/unmig/strutturemarine/gtipo.asp?tipo=struttura%20reticolare%2012%20gambe";"GAS";"ENI|http://unmig.sviluppoeconomico.gov.it/unmig/strutturemarine/goperatore.asp?operatore=ENI";8;8;;;"A.C 26.EA|http://unmig.sviluppoeconomico.gov.it/unmig/strutturemarine/gtitolo.asp?titolo=A.C%2026.EA";"CASALBORSETTI|http://unmig.sviluppoeconomico.gov.it/unmig/strutturemarine/gcentrale.asp?centrale=CASALBORSETTI";"ZA|http://unmig.sviluppoeconomico.gov.it/unmig/strutturemarine/gzona.asp?zona=ZA";"924/M";"Bologna|http://unmig.sviluppoeconomico.gov.it/unmig/strutturemarine/gsezione.asp?sezione=BO&sez=Bologna";"Ravenna|http://unmig.sviluppoeconomico.gov.it/unmig/strutturemarine/gcapitaneria.asp?capitaneria=Ravenna";7;31;13;"167 x 27 m";"12.359541";"44.511783";
"PORTO CORSINI M W B";"257";"Di Produzione non Erogante";"1968|http://unmig.sviluppoeconomico.gov.it/unmig/strutturemarine/ganno.asp?anno=1968";"struttura reticolare 12 gambe|http://unmig.sviluppoeconomico.gov.it/unmig/strutturemarine/gtipo.asp?tipo=struttura%20reticolare%2012%20gambe";"GAS";"ENI|http://unmig.sviluppoeconomico.gov.it/unmig/strutturemarine/goperatore.asp?operatore=ENI";8;8;;;"A.C 26.EA|http://unmig.sviluppoeconomico.gov.it/unmig/strutturemarine/gtitolo.asp?titolo=A.C%2026.EA";"CASALBORSETTI|http://unmig.sviluppoeconomico.gov.it/unmig/strutturemarine/gcentrale.asp?centrale=CASALBORSETTI";"ZA|http://unmig.sviluppoeconomico.gov.it/unmig/strutturemarine/gzona.asp?zona=ZA";"924/M";"Bologna|http://unmig.sviluppoeconomico.gov.it/unmig/strutturemarine/gsezione.asp?sezione=BO&sez=Bologna";"Ravenna|http://unmig.sviluppoeconomico.gov.it/unmig/strutturemarine/gcapitaneria.asp?capitaneria=Ravenna";8;31;14;"90 x 27 m";"12.373809";"44.509278";
"PORTO CORSINI M W C";"258";"Di Produzione eroganti";"1987|http://unmig.sviluppoeconomico.gov.it/unmig/strutturemarine/ganno.asp?anno=1987";"struttura reticolare 8 gambe|http://unmig.sviluppoeconomico.gov.it/unmig/strutturemarine/gtipo.asp?tipo=struttura%20reticolare%208%20gambe";"GAS";"ENI|http://unmig.sviluppoeconomico.gov.it/unmig/strutturemarine/goperatore.asp?operatore=ENI";12;2;8;;"A.C 26.EA|http://unmig.sviluppoeconomico.gov.it/unmig/strutturemarine/gtitolo.asp?titolo=A.C%2026.EA";"CASALBORSETTI|http://unmig.sviluppoeconomico.gov.it/unmig/strutturemarine/gcentrale.asp?centrale=CASALBORSETTI";"ZA|http://unmig.sviluppoeconomico.gov.it/unmig/strutturemarine/gzona.asp?zona=ZA";"924/M";"Bologna|http://unmig.sviluppoeconomico.gov.it/unmig/strutturemarine/gsezione.asp?sezione=BO&sez=Bologna";"Ravenna|http://unmig.sviluppoeconomico.gov.it/unmig/strutturemarine/gcapitaneria.asp?capitaneria=Ravenna";8;54;14;"30 x 165 m";"12.372787";"44.508964";
"PORTO CORSINI M W T";"259";"Di supporto alla produzione";"1987|http://unmig.sviluppoeconomico.gov.it/unmig/strutturemarine/ganno.asp?anno=1987";"struttura reticolare 4 gambe|http://unmig.sviluppoeconomico.gov.it/unmig/strutturemarine/gtipo.asp?tipo=struttura%20reticolare%204%20gambe";"GAS";"ENI|http://unmig.sviluppoeconomico.gov.it/unmig/strutturemarine/goperatore.asp?operatore=ENI";0;;;;"A.C 26.EA|http://unmig.sviluppoeconomico.gov.it/unmig/strutturemarine/gtitolo.asp?titolo=A.C%2026.EA";"CASALBORSETTI|http://unmig.sviluppoeconomico.gov.it/unmig/strutturemarine/gcentrale.asp?centrale=CASALBORSETTI";"ZA|http://unmig.sviluppoeconomico.gov.it/unmig/strutturemarine/gzona.asp?zona=ZA";"924/M";"Bologna|http://unmig.sviluppoeconomico.gov.it/unmig/strutturemarine/gsezione.asp?sezione=BO&sez=Bologna";"Ravenna|http://unmig.sviluppoeconomico.gov.it/unmig/strutturemarine/gcapitaneria.asp?capitaneria=Ravenna";8;54;13;"22 x 22 m";"12.359295";"44.51238";
"PREZIOSO";"260";"Di Produzione eroganti";"1988|http://unmig.sviluppoeconomico.gov.it/unmig/strutturemarine/ganno.asp?anno=1988";"struttura reticolare 8 gambe|http://unmig.sviluppoeconomico.gov.it/unmig/strutturemarine/gtipo.asp?tipo=struttura%20reticolare%208%20gambe";"OLIO";"ENI MEDITERRANEA IDROCARBURI|http://unmig.sviluppoeconomico.gov.it/unmig/strutturemarine/goperatore.asp?operatore=ENI%20MEDITERRANEA%20IDROCARBURI";9;5;4;;"C.C 3.AG|http://unmig.sviluppoeconomico.gov.it/unmig/strutturemarine/gtitolo.asp?titolo=C.C%20%203.AG";"CENTRO RACCOLTA OLIO PERLA E PREZIOSO|http://unmig.sviluppoeconomico.gov.it/unmig/strutturemarine/gcentrale.asp?centrale=CENTRO%20RACCOLTA%20OLIO%20PERLA%20E%20PREZIOSO";"ZC|http://unmig.sviluppoeconomico.gov.it/unmig/strutturemarine/gzona.asp?zona=ZC";"917/M";"Napoli|http://unmig.sviluppoeconomico.gov.it/unmig/strutturemarine/gsezione.asp?sezione=NA&sez=Napoli";"Gela|http://unmig.sviluppoeconomico.gov.it/unmig/strutturemarine/gcapitaneria.asp?capitaneria=Gela";12;44;45;"27 x 70 m";"14.045081";"37.009175";
"REGINA";"261";"Di Produzione eroganti";"1997|http://unmig.sviluppoeconomico.gov.it/unmig/strutturemarine/ganno.asp?anno=1997";"struttura reticolare 4 gambe|http://unmig.sviluppoeconomico.gov.it/unmig/strutturemarine/gtipo.asp?tipo=struttura%20reticolare%204%20gambe";"GAS";"ENI|http://unmig.sviluppoeconomico.gov.it/unmig/strutturemarine/goperatore.asp?operatore=ENI";6;;6;;"A.C 17.AG|http://unmig.sviluppoeconomico.gov.it/unmig/strutturemarine/gtitolo.asp?titolo=A.C%2017.AG";"FANO|http://unmig.sviluppoeconomico.gov.it/unmig/strutturemarine/gcentrale.asp?centrale=FANO";"ZA|http://unmig.sviluppoeconomico.gov.it/unmig/strutturemarine/gzona.asp?zona=ZA";"923/M";"Bologna|http://unmig.sviluppoeconomico.gov.it/unmig/strutturemarine/gsezione.asp?sezione=BO&sez=Bologna";"Rimini|http://unmig.sviluppoeconomico.gov.it/unmig/strutturemarine/gcapitaneria.asp?capitaneria=Rimini";17;60;22;"30 x 25 m";"12.840342";"44.10492";
"REGINA 1";"262";"Di Produzione non Erogante";"1997|http://unmig.sviluppoeconomico.gov.it/unmig/strutturemarine/ganno.asp?anno=1997";"monotubolare|http://unmig.sviluppoeconomico.gov.it/unmig/strutturemarine/gtipo.asp?tipo=monotubolare";"GAS";"ENI|http://unmig.sviluppoeconomico.gov.it/unmig/strutturemarine/goperatore.asp?operatore=ENI";1;1;;;"A.C 17.AG|http://unmig.sviluppoeconomico.gov.it/unmig/strutturemarine/gtitolo.asp?titolo=A.C%2017.AG";"FANO|http://unmig.sviluppoeconomico.gov.it/unmig/strutturemarine/gcentrale.asp?centrale=FANO";"ZA|http://unmig.sviluppoeconomico.gov.it/unmig/strutturemarine/gzona.asp?zona=ZA";"923/M";"Bologna|http://unmig.sviluppoeconomico.gov.it/unmig/strutturemarine/gsezione.asp?sezione=BO&sez=Bologna";"Rimini|http://unmig.sviluppoeconomico.gov.it/unmig/strutturemarine/gcapitaneria.asp?capitaneria=Rimini";17;30;21;"8 x 8 m";"12.834209";"44.102781";
"ROSPO MARE A";"263";"Di Produzione eroganti";"1981|http://unmig.sviluppoeconomico.gov.it/unmig/strutturemarine/ganno.asp?anno=1981";"struttura reticolare 4 gambe|http://unmig.sviluppoeconomico.gov.it/unmig/strutturemarine/gtipo.asp?tipo=struttura%20reticolare%204%20gambe";"OLIO";"EDISON|http://unmig.sviluppoeconomico.gov.it/unmig/strutturemarine/goperatore.asp?operatore=EDISON";10;;9;1;"B.C 8.LF|http://unmig.sviluppoeconomico.gov.it/unmig/strutturemarine/gtitolo.asp?titolo=B.C%20%208.LF";"ALBA MARINA |http://unmig.sviluppoeconomico.gov.it/unmig/strutturemarine/gcentrale.asp?centrale=ALBA%20MARINA";"ZB|http://unmig.sviluppoeconomico.gov.it/unmig/strutturemarine/gzona.asp?zona=ZB";"922/M";"Roma|http://unmig.sviluppoeconomico.gov.it/unmig/strutturemarine/gsezione.asp?sezione=RM&sez=Roma";"Termoli|http://unmig.sviluppoeconomico.gov.it/unmig/strutturemarine/gcapitaneria.asp?capitaneria=Termoli";21;21;76;"33 x 26 m";"14.970746";"42.203712";
"ROSPO MARE B";"264";"Di Produzione eroganti";"1986|http://unmig.sviluppoeconomico.gov.it/unmig/strutturemarine/ganno.asp?anno=1986";"struttura reticolare 8 gambe|http://unmig.sviluppoeconomico.gov.it/unmig/strutturemarine/gtipo.asp?tipo=struttura%20reticolare%208%20gambe";"OLIO";"EDISON|http://unmig.sviluppoeconomico.gov.it/unmig/strutturemarine/goperatore.asp?operatore=EDISON";12;;12;;"B.C 8.LF|http://unmig.sviluppoeconomico.gov.it/unmig/strutturemarine/gtitolo.asp?titolo=B.C%20%208.LF";"ALBA MARINA |http://unmig.sviluppoeconomico.gov.it/unmig/strutturemarine/gcentrale.asp?centrale=ALBA%20MARINA";"ZB|http://unmig.sviluppoeconomico.gov.it/unmig/strutturemarine/gzona.asp?zona=ZB";"922/M";"Roma|http://unmig.sviluppoeconomico.gov.it/unmig/strutturemarine/gsezione.asp?sezione=RM&sez=Roma";"Termoli|http://unmig.sviluppoeconomico.gov.it/unmig/strutturemarine/gcapitaneria.asp?capitaneria=Termoli";20;31;77;"52 x 26 m";"14.946579";"42.213157";
"ROSPO MARE C";"265";"Di Produzione eroganti";"1991|http://unmig.sviluppoeconomico.gov.it/unmig/strutturemarine/ganno.asp?anno=1991";"struttura reticolare 4 gambe|http://unmig.sviluppoeconomico.gov.it/unmig/strutturemarine/gtipo.asp?tipo=struttura%20reticolare%204%20gambe";"OLIO";"EDISON|http://unmig.sviluppoeconomico.gov.it/unmig/strutturemarine/goperatore.asp?operatore=EDISON";9;1;8;;"B.C 8.LF|http://unmig.sviluppoeconomico.gov.it/unmig/strutturemarine/gtitolo.asp?titolo=B.C%20%208.LF";"ALBA MARINA |http://unmig.sviluppoeconomico.gov.it/unmig/strutturemarine/gcentrale.asp?centrale=ALBA%20MARINA";"ZB|http://unmig.sviluppoeconomico.gov.it/unmig/strutturemarine/gzona.asp?zona=ZB";"922/M";"Roma|http://unmig.sviluppoeconomico.gov.it/unmig/strutturemarine/gsezione.asp?sezione=RM&sez=Roma";"Ortona|http://unmig.sviluppoeconomico.gov.it/unmig/strutturemarine/gcapitaneria.asp?capitaneria=Ortona";19;19;80;"29 x 29 m";"14.931856";"42.235657";
"SAN GIORGIO MARE 3";"266";"Di Produzione non Erogante";"1972|http://unmig.sviluppoeconomico.gov.it/unmig/strutturemarine/ganno.asp?anno=1972";"struttura reticolare 4 gambe|http://unmig.sviluppoeconomico.gov.it/unmig/strutturemarine/gtipo.asp?tipo=struttura%20reticolare%204%20gambe";"GAS";"EDISON|http://unmig.sviluppoeconomico.gov.it/unmig/strutturemarine/goperatore.asp?operatore=EDISON";1;1;;;"B.C 2.LF|http://unmig.sviluppoeconomico.gov.it/unmig/strutturemarine/gtitolo.asp?titolo=B.C%20%202.LF";"SAN GIORGIO MARE|http://unmig.sviluppoeconomico.gov.it/unmig/strutturemarine/gcentrale.asp?centrale=SAN%20GIORGIO%20MARE";"ZB|http://unmig.sviluppoeconomico.gov.it/unmig/strutturemarine/gzona.asp?zona=ZB";"922/M";"Roma|http://unmig.sviluppoeconomico.gov.it/unmig/strutturemarine/gsezione.asp?sezione=RM&sez=Roma";"San Benedetto|http://unmig.sviluppoeconomico.gov.it/unmig/strutturemarine/gcapitaneria.asp?capitaneria=San%20Benedetto";11;12;18;"7 x 5 m";"13.923748";"43.197901";
"SAN GIORGIO MARE 6";"267";"Di Produzione non Erogante";"1981|http://unmig.sviluppoeconomico.gov.it/unmig/strutturemarine/ganno.asp?anno=1981";"struttura reticolare 4 gambe|http://unmig.sviluppoeconomico.gov.it/unmig/strutturemarine/gtipo.asp?tipo=struttura%20reticolare%204%20gambe";"GAS";"EDISON|http://unmig.sviluppoeconomico.gov.it/unmig/strutturemarine/goperatore.asp?operatore=EDISON";1;1;;;"B.C 2.LF|http://unmig.sviluppoeconomico.gov.it/unmig/strutturemarine/gtitolo.asp?titolo=B.C%20%202.LF";"SAN GIORGIO MARE|http://unmig.sviluppoeconomico.gov.it/unmig/strutturemarine/gcentrale.asp?centrale=SAN%20GIORGIO%20MARE";"ZB|http://unmig.sviluppoeconomico.gov.it/unmig/strutturemarine/gzona.asp?zona=ZB";"922/M";"Roma|http://unmig.sviluppoeconomico.gov.it/unmig/strutturemarine/gsezione.asp?sezione=RM&sez=Roma";"San Benedetto|http://unmig.sviluppoeconomico.gov.it/unmig/strutturemarine/gcapitaneria.asp?capitaneria=San%20Benedetto";11;12;18;"7 x 5 m";"13.920136";"43.206235";
"SAN GIORGIO MARE CENTRALE";"268";"Di supporto alla produzione";"1972|http://unmig.sviluppoeconomico.gov.it/unmig/strutturemarine/ganno.asp?anno=1972";"struttura reticolare 4 gambe|http://unmig.sviluppoeconomico.gov.it/unmig/strutturemarine/gtipo.asp?tipo=struttura%20reticolare%204%20gambe";"GAS";"EDISON|http://unmig.sviluppoeconomico.gov.it/unmig/strutturemarine/goperatore.asp?operatore=EDISON";0;;;;"B.C 2.LF|http://unmig.sviluppoeconomico.gov.it/unmig/strutturemarine/gtitolo.asp?titolo=B.C%20%202.LF";"SAN GIORGIO MARE|http://unmig.sviluppoeconomico.gov.it/unmig/strutturemarine/gcentrale.asp?centrale=SAN%20GIORGIO%20MARE";"ZB|http://unmig.sviluppoeconomico.gov.it/unmig/strutturemarine/gzona.asp?zona=ZB";"922/M";"Roma|http://unmig.sviluppoeconomico.gov.it/unmig/strutturemarine/gsezione.asp?sezione=RM&sez=Roma";"San Benedetto|http://unmig.sviluppoeconomico.gov.it/unmig/strutturemarine/gcapitaneria.asp?capitaneria=San%20Benedetto";10;12;18;"9 x 9 m";"13.901802";"43.202624";
"SANTO STEFANO MARE 101";"269";"Di Produzione non Erogante";"1987|http://unmig.sviluppoeconomico.gov.it/unmig/strutturemarine/ganno.asp?anno=1987";"struttura reticolare 4 gambe|http://unmig.sviluppoeconomico.gov.it/unmig/strutturemarine/gtipo.asp?tipo=struttura%20reticolare%204%20gambe";"GAS";"EDISON|http://unmig.sviluppoeconomico.gov.it/unmig/strutturemarine/goperatore.asp?operatore=EDISON";1;1;;;"B.C 1.LF|http://unmig.sviluppoeconomico.gov.it/unmig/strutturemarine/gtitolo.asp?titolo=B.C%20%201.LF";"SANTO STEFANO MARE|http://unmig.sviluppoeconomico.gov.it/unmig/strutturemarine/gcentrale.asp?centrale=SANTO%20STEFANO%20MARE";"ZB|http://unmig.sviluppoeconomico.gov.it/unmig/strutturemarine/gzona.asp?zona=ZB";"922/M";"Roma|http://unmig.sviluppoeconomico.gov.it/unmig/strutturemarine/gsezione.asp?sezione=RM&sez=Roma";"Ortona|http://unmig.sviluppoeconomico.gov.it/unmig/strutturemarine/gcapitaneria.asp?capitaneria=Ortona";2;13;13;"10 x 10 m";"14.607395";"42.22899";
"SANTO STEFANO MARE 1-9";"270";"Di Produzione eroganti";"1968|http://unmig.sviluppoeconomico.gov.it/unmig/strutturemarine/ganno.asp?anno=1968";"struttura reticolare 5 gambe|http://unmig.sviluppoeconomico.gov.it/unmig/strutturemarine/gtipo.asp?tipo=struttura%20reticolare%205%20gambe";"GAS";"EDISON|http://unmig.sviluppoeconomico.gov.it/unmig/strutturemarine/goperatore.asp?operatore=EDISON";2;1;1;;"B.C 1.LF|http://unmig.sviluppoeconomico.gov.it/unmig/strutturemarine/gtitolo.asp?titolo=B.C%20%201.LF";"SANTO STEFANO MARE|http://unmig.sviluppoeconomico.gov.it/unmig/strutturemarine/gcentrale.asp?centrale=SANTO%20STEFANO%20MARE";"ZB|http://unmig.sviluppoeconomico.gov.it/unmig/strutturemarine/gzona.asp?zona=ZB";"922/M";"Roma|http://unmig.sviluppoeconomico.gov.it/unmig/strutturemarine/gsezione.asp?sezione=RM&sez=Roma";"Ortona|http://unmig.sviluppoeconomico.gov.it/unmig/strutturemarine/gcapitaneria.asp?capitaneria=Ortona";2;8;13;"9 x 9 m";"14.59295";"42.231768";
"SANTO STEFANO MARE 3-7";"271";"Di Produzione non Erogante";"1968|http://unmig.sviluppoeconomico.gov.it/unmig/strutturemarine/ganno.asp?anno=1968";"struttura reticolare 4 gambe|http://unmig.sviluppoeconomico.gov.it/unmig/strutturemarine/gtipo.asp?tipo=struttura%20reticolare%204%20gambe";"GAS";"EDISON|http://unmig.sviluppoeconomico.gov.it/unmig/strutturemarine/goperatore.asp?operatore=EDISON";2;2;;;"B.C 1.LF|http://unmig.sviluppoeconomico.gov.it/unmig/strutturemarine/gtitolo.asp?titolo=B.C%20%201.LF";"SANTO STEFANO MARE|http://unmig.sviluppoeconomico.gov.it/unmig/strutturemarine/gcentrale.asp?centrale=SANTO%20STEFANO%20MARE";"ZB|http://unmig.sviluppoeconomico.gov.it/unmig/strutturemarine/gzona.asp?zona=ZB";"922/M";"Roma|http://unmig.sviluppoeconomico.gov.it/unmig/strutturemarine/gsezione.asp?sezione=RM&sez=Roma";"Ortona|http://unmig.sviluppoeconomico.gov.it/unmig/strutturemarine/gcapitaneria.asp?capitaneria=Ortona";2;8;12;"9 x 9 m";"14.610729";"42.219268";
"SANTO STEFANO MARE 4";"272";"Di Produzione non Erogante";"1975|http://unmig.sviluppoeconomico.gov.it/unmig/strutturemarine/ganno.asp?anno=1975";"struttura reticolare 4 gambe|http://unmig.sviluppoeconomico.gov.it/unmig/strutturemarine/gtipo.asp?tipo=struttura%20reticolare%204%20gambe";"GAS";"EDISON|http://unmig.sviluppoeconomico.gov.it/unmig/strutturemarine/goperatore.asp?operatore=EDISON";1;1;;;"B.C 1.LF|http://unmig.sviluppoeconomico.gov.it/unmig/strutturemarine/gtitolo.asp?titolo=B.C%20%201.LF";"SANTO STEFANO MARE|http://unmig.sviluppoeconomico.gov.it/unmig/strutturemarine/gcentrale.asp?centrale=SANTO%20STEFANO%20MARE";"ZB|http://unmig.sviluppoeconomico.gov.it/unmig/strutturemarine/gzona.asp?zona=ZB";"922/M";"Roma|http://unmig.sviluppoeconomico.gov.it/unmig/strutturemarine/gsezione.asp?sezione=RM&sez=Roma";"Ortona|http://unmig.sviluppoeconomico.gov.it/unmig/strutturemarine/gcapitaneria.asp?capitaneria=Ortona";3;8;17;"5 x 7 m";"14.675454";"42.207323";
"SANTO STEFANO MARE 8";"273";"Di Produzione non Erogante";"1991|http://unmig.sviluppoeconomico.gov.it/unmig/strutturemarine/ganno.asp?anno=1991";"monotubolare|http://unmig.sviluppoeconomico.gov.it/unmig/strutturemarine/gtipo.asp?tipo=monotubolare";"GAS";"EDISON|http://unmig.sviluppoeconomico.gov.it/unmig/strutturemarine/goperatore.asp?operatore=EDISON";1;1;;;"B.C 1.LF|http://unmig.sviluppoeconomico.gov.it/unmig/strutturemarine/gtitolo.asp?titolo=B.C%20%201.LF";"SANTO STEFANO MARE|http://unmig.sviluppoeconomico.gov.it/unmig/strutturemarine/gcentrale.asp?centrale=SANTO%20STEFANO%20MARE";"ZB|http://unmig.sviluppoeconomico.gov.it/unmig/strutturemarine/gzona.asp?zona=ZB";"922/M";"Roma|http://unmig.sviluppoeconomico.gov.it/unmig/strutturemarine/gsezione.asp?sezione=RM&sez=Roma";"Ortona|http://unmig.sviluppoeconomico.gov.it/unmig/strutturemarine/gcapitaneria.asp?capitaneria=Ortona";2;15;15;"6 x 9 m";"14.636563";"42.21649";
"SARAGO MARE 1";"274";"Di Produzione eroganti";"1981|http://unmig.sviluppoeconomico.gov.it/unmig/strutturemarine/ganno.asp?anno=1981";"struttura reticolare 4 gambe|http://unmig.sviluppoeconomico.gov.it/unmig/strutturemarine/gtipo.asp?tipo=struttura%20reticolare%204%20gambe";"OLIO";"EDISON|http://unmig.sviluppoeconomico.gov.it/unmig/strutturemarine/goperatore.asp?operatore=EDISON";1;;1;;"B.C 7.LF|http://unmig.sviluppoeconomico.gov.it/unmig/strutturemarine/gtitolo.asp?titolo=B.C%20%207.LF";"MARIA MARE|http://unmig.sviluppoeconomico.gov.it/unmig/strutturemarine/gcentrale.asp?centrale=MARIA%20MARE";"ZB|http://unmig.sviluppoeconomico.gov.it/unmig/strutturemarine/gzona.asp?zona=ZB";"922/M";"Roma|http://unmig.sviluppoeconomico.gov.it/unmig/strutturemarine/gsezione.asp?sezione=RM&sez=Roma";"San Benedetto|http://unmig.sviluppoeconomico.gov.it/unmig/strutturemarine/gcapitaneria.asp?capitaneria=San%20Benedetto";4;10;12;"8 x 6 m";"13.785407";"43.32096";
"SARAGO MARE A";"275";"Di Produzione eroganti";"1981|http://unmig.sviluppoeconomico.gov.it/unmig/strutturemarine/ganno.asp?anno=1981";"struttura reticolare 8 gambe|http://unmig.sviluppoeconomico.gov.it/unmig/strutturemarine/gtipo.asp?tipo=struttura%20reticolare%208%20gambe";"OLIO";"EDISON|http://unmig.sviluppoeconomico.gov.it/unmig/strutturemarine/goperatore.asp?operatore=EDISON";5;4;1;;"B.C 7.LF|http://unmig.sviluppoeconomico.gov.it/unmig/strutturemarine/gtitolo.asp?titolo=B.C%20%207.LF";"MARIA MARE|http://unmig.sviluppoeconomico.gov.it/unmig/strutturemarine/gcentrale.asp?centrale=MARIA%20MARE";"ZB|http://unmig.sviluppoeconomico.gov.it/unmig/strutturemarine/gzona.asp?zona=ZB";"922/M";"Roma|http://unmig.sviluppoeconomico.gov.it/unmig/strutturemarine/gsezione.asp?sezione=RM&sez=Roma";"San Benedetto|http://unmig.sviluppoeconomico.gov.it/unmig/strutturemarine/gcapitaneria.asp?capitaneria=San%20Benedetto";3;30;12;"44 x 26 m";"13.788738";"43.288851";
"SIMONETTA 1";"276";"Di Produzione eroganti";"1997|http://unmig.sviluppoeconomico.gov.it/unmig/strutturemarine/ganno.asp?anno=1997";"monotubolare|http://unmig.sviluppoeconomico.gov.it/unmig/strutturemarine/gtipo.asp?tipo=monotubolare";"GAS";"ADRIATICA IDROCARBURI|http://unmig.sviluppoeconomico.gov.it/unmig/strutturemarine/goperatore.asp?operatore=ADRIATICA%20IDROCARBURI";1;;1;;"B.C 5.AS|http://unmig.sviluppoeconomico.gov.it/unmig/strutturemarine/gtitolo.asp?titolo=B.C%20%205.AS";"PINETO|http://unmig.sviluppoeconomico.gov.it/unmig/strutturemarine/gcentrale.asp?centrale=PINETO";"ZB|http://unmig.sviluppoeconomico.gov.it/unmig/strutturemarine/gzona.asp?zona=ZB";"922/M";"Roma|http://unmig.sviluppoeconomico.gov.it/unmig/strutturemarine/gsezione.asp?sezione=RM&sez=Roma";"Pesaro|http://unmig.sviluppoeconomico.gov.it/unmig/strutturemarine/gcapitaneria.asp?capitaneria=Pesaro";10;21;17;"8 x 8 m";"14.183769";"42.559691";
"SQUALO";"277";"Di Produzione non Erogante";"1980|http://unmig.sviluppoeconomico.gov.it/unmig/strutturemarine/ganno.asp?anno=1980";"struttura reticolare 4 gambe|http://unmig.sviluppoeconomico.gov.it/unmig/strutturemarine/gtipo.asp?tipo=struttura%20reticolare%204%20gambe";"GAS";"ADRIATICA IDROCARBURI|http://unmig.sviluppoeconomico.gov.it/unmig/strutturemarine/goperatore.asp?operatore=ADRIATICA%20IDROCARBURI";6;5;;;"B.C 9.AS|http://unmig.sviluppoeconomico.gov.it/unmig/strutturemarine/gtitolo.asp?titolo=B.C%20%209.AS";"PINETO|http://unmig.sviluppoeconomico.gov.it/unmig/strutturemarine/gcentrale.asp?centrale=PINETO";"ZB|http://unmig.sviluppoeconomico.gov.it/unmig/strutturemarine/gzona.asp?zona=ZB";"922/M";"Roma|http://unmig.sviluppoeconomico.gov.it/unmig/strutturemarine/gsezione.asp?sezione=RM&sez=Roma";"Pesaro|http://unmig.sviluppoeconomico.gov.it/unmig/strutturemarine/gcapitaneria.asp?capitaneria=Pesaro";18;28;70;"22 x 22 m";"14.244378";"42.715657";
"VEGA A";"279";"Di Produzione eroganti";"1986|http://unmig.sviluppoeconomico.gov.it/unmig/strutturemarine/ganno.asp?anno=1986";"struttura reticolare 8 gambe|http://unmig.sviluppoeconomico.gov.it/unmig/strutturemarine/gtipo.asp?tipo=struttura%20reticolare%208%20gambe";"OLIO";"EDISON|http://unmig.sviluppoeconomico.gov.it/unmig/strutturemarine/goperatore.asp?operatore=EDISON";21;1;19;;"C.C 6.EO|http://unmig.sviluppoeconomico.gov.it/unmig/strutturemarine/gtitolo.asp?titolo=C.C%20%206.EO";"LEONIS|http://unmig.sviluppoeconomico.gov.it/unmig/strutturemarine/gcentrale.asp?centrale=LEONIS";"ZC|http://unmig.sviluppoeconomico.gov.it/unmig/strutturemarine/gzona.asp?zona=ZC";"917/M";"Napoli|http://unmig.sviluppoeconomico.gov.it/unmig/strutturemarine/gsezione.asp?sezione=NA&sez=Napoli";"Pozzallo|http://unmig.sviluppoeconomico.gov.it/unmig/strutturemarine/gcapitaneria.asp?capitaneria=Pozzallo";22;69;124;"80 x 60 m";"14.625491";"36.540638";
"VIVIANA 1";"281";"Di Produzione non Erogante";"1998|http://unmig.sviluppoeconomico.gov.it/unmig/strutturemarine/ganno.asp?anno=1998";"monotubolare|http://unmig.sviluppoeconomico.gov.it/unmig/strutturemarine/gtipo.asp?tipo=monotubolare";"GAS";"ADRIATICA IDROCARBURI|http://unmig.sviluppoeconomico.gov.it/unmig/strutturemarine/goperatore.asp?operatore=ADRIATICA%20IDROCARBURI";1;1;;;"B.C 5.AS|http://unmig.sviluppoeconomico.gov.it/unmig/strutturemarine/gtitolo.asp?titolo=B.C%20%205.AS";"PINETO|http://unmig.sviluppoeconomico.gov.it/unmig/strutturemarine/gcentrale.asp?centrale=PINETO";"ZB|http://unmig.sviluppoeconomico.gov.it/unmig/strutturemarine/gzona.asp?zona=ZB";"922/M";"Roma|http://unmig.sviluppoeconomico.gov.it/unmig/strutturemarine/gsezione.asp?sezione=RM&sez=Roma";"Pesaro|http://unmig.sviluppoeconomico.gov.it/unmig/strutturemarine/gcapitaneria.asp?capitaneria=Pesaro";9;19;20;"8 x 8 m";"14.155051";"42.656403";
"VONGOLA MARE 1";"282";"Di Produzione eroganti";"1985|http://unmig.sviluppoeconomico.gov.it/unmig/strutturemarine/ganno.asp?anno=1985";"struttura reticolare 4 gambe|http://unmig.sviluppoeconomico.gov.it/unmig/strutturemarine/gtipo.asp?tipo=struttura%20reticolare%204%20gambe";"GAS";"EDISON|http://unmig.sviluppoeconomico.gov.it/unmig/strutturemarine/goperatore.asp?operatore=EDISON";1;;1;;"B.C 7.LF|http://unmig.sviluppoeconomico.gov.it/unmig/strutturemarine/gtitolo.asp?titolo=B.C%20%207.LF";"SAN GIORGIO MARE|http://unmig.sviluppoeconomico.gov.it/unmig/strutturemarine/gcentrale.asp?centrale=SAN%20GIORGIO%20MARE";"ZB|http://unmig.sviluppoeconomico.gov.it/unmig/strutturemarine/gzona.asp?zona=ZB";"922/M";"Roma|http://unmig.sviluppoeconomico.gov.it/unmig/strutturemarine/gsezione.asp?sezione=RM&sez=Roma";"San Benedetto|http://unmig.sviluppoeconomico.gov.it/unmig/strutturemarine/gcapitaneria.asp?capitaneria=San%20Benedetto";5;12;14;"10 x 10 m";"13.811731";"43.253892";
